4 0.898611 0.383333 0.095370 0.161728
4 0.813889 0.417284 0.125926 0.162963
4 0.639815 0.382099 0.098148 0.141975
4 0.215741 0.349383 0.114815 0.172840
0 0.480093 0.408025 0.065741 0.104938
0 0.372222 0.396914 0.061111 0.107407
3 0.936111 0.606790 0.100000 0.314815
3 0.823611 0.661728 0.160185 0.355556
3 0.660185 0.566667 0.129630 0.264198
3 0.184259 0.571605 0.190741 0.303704
1 0.499537 0.582099 0.119444 0.262963
1 0.358796 0.532099 0.112037 0.209877
2 0.924537 0.652469 0.149074 0.695062
2 0.796759 0.668519 0.213889 0.662963
2 0.674537 0.655556 0.169444 0.688889
2 0.506481 0.675926 0.159259 0.638272
2 0.358333 0.670988 0.155556 0.658025
2 0.185185 0.632716 0.192593 0.734568
