4 0.821875 0.255569 0.098437 0.175850
4 0.647266 0.230363 0.108594 0.188746
4 0.555469 0.419109 0.095312 0.120750
4 0.550391 0.495897 0.094531 0.112544
4 0.546094 0.611958 0.082812 0.145369
4 0.164844 0.327081 0.057813 0.119578
0 0.348047 0.306565 0.064844 0.132474
3 0.839844 0.496483 0.160938 0.355217
3 0.647656 0.509379 0.150000 0.390387
3 0.173047 0.497069 0.099219 0.236811
3 0.316797 0.464830 0.133594 0.256741
2 0.829297 0.583822 0.203906 0.832356
2 0.607812 0.567995 0.229687 0.864009
2 0.319922 0.608441 0.163281 0.733880
2 0.176953 0.572098 0.132031 0.611958
