0 0.899038 0.317308 0.072115 0.081731
0 0.789663 0.331731 0.050481 0.072115
0 0.604567 0.319712 0.050481 0.067308
0 0.479567 0.341346 0.055288 0.062500
0 0.290865 0.307692 0.067308 0.072115
0 0.133413 0.311298 0.064904 0.079327
0 0.030048 0.343750 0.026442 0.033654
1 0.906250 0.425481 0.115385 0.158654
1 0.793269 0.417067 0.129808 0.132212
1 0.605769 0.409856 0.100962 0.132212
1 0.485577 0.424279 0.096154 0.108173
1 0.287260 0.414663 0.122596 0.156250
1 0.128606 0.419471 0.161058 0.165865
2 0.903846 0.542067 0.120192 0.526442
2 0.788462 0.503606 0.144231 0.411058
2 0.603365 0.500000 0.173077 0.423077
2 0.469952 0.508413 0.127404 0.391827
2 0.292067 0.510817 0.170673 0.473558
2 0.127404 0.530048 0.158654 0.512019
2 0.030048 0.412260 0.055288 0.170673
