4 0.900240 0.448317 0.055288 0.060096
4 0.798077 0.441106 0.052885 0.060096
4 0.681490 0.437500 0.055288 0.062500
4 0.569712 0.457933 0.043269 0.055288
4 0.546875 0.469952 0.026442 0.031250
4 0.457933 0.480769 0.040865 0.048077
4 0.346154 0.465144 0.043269 0.055288
4 0.313702 0.481971 0.055288 0.055288
4 0.199519 0.477163 0.052885 0.055288
4 0.048077 0.506010 0.038462 0.040865
1 0.905048 0.514423 0.060096 0.076923
1 0.804087 0.510817 0.093750 0.108173
1 0.697115 0.504808 0.086538 0.091346
1 0.576923 0.522837 0.091346 0.088942
1 0.459135 0.538462 0.081731 0.067308
1 0.349760 0.519231 0.055288 0.057692
1 0.305288 0.545673 0.067308 0.086538
1 0.181490 0.557692 0.088942 0.120192
1 0.044471 0.567308 0.074519 0.081731
2 0.905048 0.562500 0.074519 0.288462
2 0.808894 0.557692 0.093750 0.298077
2 0.695913 0.560096 0.093750 0.302885
2 0.568510 0.569712 0.108173 0.283654
2 0.460337 0.591346 0.084135 0.269231
2 0.355769 0.580529 0.062500 0.290865
2 0.308894 0.602163 0.084135 0.295673
2 0.192308 0.608173 0.115385 0.312500
2 0.044471 0.604567 0.084135 0.233173
