0 0.850962 0.359036 0.091346 0.106024
0 0.653846 0.369880 0.120192 0.151807
0 0.555288 0.372289 0.076923 0.113253
0 0.356971 0.383133 0.084135 0.110843
0 0.153846 0.392771 0.100962 0.130120
0 0.032452 0.387952 0.060096 0.163855
1 0.875000 0.477108 0.125000 0.159036
1 0.716346 0.596386 0.269231 0.436145
1 0.563702 0.506024 0.141827 0.226506
1 0.342548 0.509639 0.151442 0.219277
1 0.145433 0.544578 0.170673 0.250602
2 0.896635 0.589157 0.182692 0.566265
2 0.704327 0.586747 0.283654 0.575904
2 0.561298 0.598795 0.199519 0.561446
2 0.338942 0.604819 0.192308 0.549398
2 0.200721 0.606024 0.281250 0.546988
2 0.049279 0.593976 0.093750 0.575904
