0 0.875000 0.380723 0.096154 0.096386
0 0.962740 0.368675 0.069712 0.077108
0 0.685096 0.397590 0.067308 0.081928
0 0.545673 0.419277 0.067308 0.086747
0 0.442308 0.397590 0.086538 0.115663
0 0.383413 0.418072 0.050481 0.074699
0 0.242788 0.413253 0.062500 0.079518
0 0.106971 0.325301 0.170673 0.207229
1 0.887019 0.520482 0.225962 0.207229
1 0.695913 0.501205 0.170673 0.159036
1 0.554087 0.524096 0.132212 0.161446
1 0.433894 0.542169 0.194712 0.212048
1 0.246394 0.509639 0.156250 0.146988
1 0.111779 0.584337 0.218750 0.416867
2 0.890625 0.567470 0.218750 0.469880
2 0.698317 0.579518 0.170673 0.445783
2 0.551683 0.589157 0.122596 0.426506
2 0.435096 0.573494 0.192308 0.462651
2 0.246394 0.589157 0.156250 0.421687
2 0.143029 0.514458 0.281250 0.585542
