4 0.919471 0.355769 0.112981 0.139423
0 0.788462 0.379808 0.072115 0.086538
4 0.747596 0.391827 0.048077 0.081731
4 0.639423 0.382212 0.057692 0.076923
0 0.558894 0.396635 0.036058 0.057692
0 0.498798 0.383413 0.036058 0.060096
0 0.438702 0.413462 0.050481 0.076923
0 0.405048 0.393029 0.040865 0.055288
4 0.311298 0.391827 0.055288 0.072115
4 0.252404 0.362981 0.033654 0.048077
4 0.212740 0.399038 0.045673 0.057692
0 0.173077 0.379808 0.048077 0.067308
4 0.043269 0.394231 0.067308 0.086538
1 0.908654 0.574519 0.182692 0.360577
1 0.804087 0.537260 0.112981 0.257212
1 0.736779 0.539663 0.093750 0.233173
1 0.631010 0.518029 0.098558 0.204327
1 0.552885 0.508413 0.072115 0.175481
1 0.497596 0.435096 0.072115 0.067308
1 0.441106 0.524038 0.108173 0.163462
1 0.308894 0.501202 0.088942 0.165865
1 0.235577 0.496394 0.038462 0.151442
1 0.167067 0.486779 0.098558 0.170673
1 0.057692 0.534856 0.110577 0.199519
2 0.909856 0.582933 0.180288 0.584135
2 0.800481 0.590144 0.120192 0.507212
2 0.718750 0.575721 0.110577 0.449519
2 0.634615 0.549279 0.129808 0.411058
2 0.543269 0.545673 0.081731 0.355769
2 0.500000 0.526442 0.072115 0.341346
2 0.453125 0.582933 0.141827 0.411058
2 0.307692 0.549279 0.120192 0.377404
2 0.174279 0.555288 0.132212 0.413462
2 0.068510 0.599760 0.132212 0.492788
