0 0.961538 0.313702 0.076923 0.185096
0 0.852163 0.360577 0.045673 0.062500
0 0.739183 0.346154 0.069712 0.081731
0 0.632212 0.326923 0.072115 0.086538
0 0.521635 0.347356 0.057692 0.069712
0 0.305288 0.323317 0.081731 0.093750
4 0.348558 0.341346 0.052885 0.072115
4 0.171875 0.338942 0.064904 0.081731
0 0.064904 0.310096 0.096154 0.115385
1 0.927885 0.574519 0.144231 0.322115
1 0.855769 0.448317 0.096154 0.122596
1 0.746394 0.457933 0.093750 0.137019
1 0.634615 0.437500 0.173077 0.153846
1 0.513221 0.411058 0.122596 0.105769
1 0.298077 0.435096 0.168269 0.168269
1 0.159856 0.430288 0.108173 0.120192
1 0.066106 0.431490 0.127404 0.194712
2 0.927885 0.531250 0.144231 0.615385
2 0.849760 0.501202 0.108173 0.343750
2 0.736779 0.543269 0.141827 0.475962
2 0.621394 0.560096 0.199519 0.552885
2 0.506010 0.500000 0.132212 0.370192
2 0.301683 0.557692 0.175481 0.562500
2 0.170673 0.496394 0.091346 0.401442
2 0.078125 0.548077 0.151442 0.586538
