0 0.796875 0.356971 0.117788 0.132212
0 0.697115 0.370192 0.043269 0.052885
0 0.545673 0.385817 0.072115 0.088942
0 0.296875 0.353365 0.108173 0.139423
1 0.807692 0.580529 0.177885 0.382212
1 0.549279 0.518029 0.161058 0.204327
1 0.277644 0.549279 0.199519 0.343750
0 0.084135 0.366587 0.048077 0.060096
1 0.111779 0.465144 0.122596 0.141827
2 0.808894 0.542067 0.180288 0.497596
2 0.683894 0.501202 0.093750 0.310096
1 0.687500 0.454327 0.072115 0.115385
1 0.550481 0.563702 0.163462 0.439904
1 0.280048 0.537260 0.204327 0.497596
1 0.115385 0.516827 0.129808 0.360577
