0 0.751202 0.437500 0.064904 0.076923
0 0.567308 0.441106 0.062500 0.074519
0 0.512019 0.414663 0.043269 0.055288
0 0.455529 0.419471 0.050481 0.069712
0 0.337740 0.397837 0.064904 0.079327
0 0.276442 0.405048 0.048077 0.060096
0 0.102163 0.411058 0.036058 0.043269
0 0.137019 0.425481 0.052885 0.072115
1 0.754808 0.514423 0.134615 0.134615
1 0.575721 0.514423 0.103365 0.110577
1 0.520433 0.484375 0.069712 0.084135
1 0.450721 0.500000 0.132212 0.125000
1 0.302885 0.483173 0.125000 0.139423
1 0.239183 0.473558 0.045673 0.096154
1 0.116587 0.490385 0.122596 0.110577
2 0.754808 0.615385 0.134615 0.432692
2 0.576923 0.608173 0.120192 0.408654
2 0.447115 0.592548 0.144231 0.411058
2 0.300481 0.592548 0.134615 0.468750
2 0.115385 0.584135 0.125000 0.379808
2 0.253606 0.554087 0.098558 0.353365
