0 0.923077 0.454327 0.052885 0.057692
0 0.760817 0.437500 0.055288 0.067308
0 0.676683 0.445913 0.055288 0.064904
0 0.612981 0.461538 0.038462 0.048077
4 0.477163 0.427885 0.050481 0.072115
0 0.429087 0.441106 0.045673 0.064904
4 0.382212 0.451923 0.048077 0.067308
0 0.283654 0.444712 0.033654 0.048077
4 0.254808 0.427885 0.057692 0.076923
1 0.919471 0.530048 0.074519 0.098558
1 0.775240 0.532452 0.098558 0.132212
1 0.674279 0.555288 0.098558 0.168269
1 0.615385 0.519231 0.057692 0.067308
1 0.496394 0.507212 0.074519 0.105769
1 0.435096 0.550481 0.096154 0.173077
1 0.366587 0.530048 0.084135 0.112981
1 0.247596 0.518029 0.105769 0.112981
2 0.926683 0.615385 0.103365 0.379808
2 0.776442 0.622596 0.110577 0.437500
2 0.673077 0.616587 0.110577 0.406250
2 0.606971 0.580529 0.074519 0.281250
2 0.493990 0.598558 0.084135 0.408654
2 0.431490 0.616587 0.093750 0.411058
2 0.365385 0.605769 0.086538 0.370192
2 0.243990 0.606971 0.151442 0.430288
