4 0.564904 0.407452 0.038462 0.055288
4 0.312500 0.424279 0.043269 0.045673
4 0.198317 0.403846 0.050481 0.057692
4 0.080529 0.409856 0.055288 0.055288
1 0.561298 0.457933 0.055288 0.055288
1 0.475962 0.491587 0.067308 0.117788
1 0.312500 0.480769 0.048077 0.076923
1 0.193510 0.474760 0.064904 0.088942
1 0.091346 0.491587 0.086538 0.117788
2 0.573317 0.519231 0.108173 0.274038
0 0.475962 0.411058 0.043269 0.057692
2 0.481971 0.540865 0.127404 0.312500
2 0.318510 0.513221 0.093750 0.223558
2 0.198317 0.518029 0.079327 0.286058
2 0.099760 0.532452 0.103365 0.300481
