0 0.948317 0.365060 0.093750 0.108434
0 0.798077 0.374699 0.091346 0.118072
0 0.639423 0.346988 0.105769 0.134940
0 0.549279 0.360241 0.074519 0.098795
0 0.406250 0.386747 0.100962 0.137349
0 0.222356 0.322892 0.103365 0.149398
1 0.959135 0.507229 0.081731 0.180723
1 0.826923 0.513253 0.120192 0.192771
1 0.675481 0.532530 0.211538 0.274699
1 0.425481 0.559036 0.216346 0.250602
1 0.191106 0.516867 0.204327 0.272289
2 0.949519 0.524096 0.096154 0.431325
2 0.840144 0.503614 0.175481 0.375904
2 0.655048 0.498795 0.266827 0.433735
2 0.437500 0.526506 0.245192 0.416867
2 0.187500 0.506024 0.259615 0.510843
