0 0.831731 0.349398 0.072115 0.077108
0 0.633413 0.333735 0.050481 0.069880
0 0.450721 0.355422 0.050481 0.060241
0 0.308894 0.356627 0.069712 0.081928
0 0.245192 0.334940 0.028846 0.028916
0 0.204327 0.337349 0.024038 0.024096
0 0.104567 0.333735 0.021635 0.026506
0 0.079327 0.379518 0.062500 0.069880
0 0.013221 0.384337 0.021635 0.069880
1 0.975962 0.404819 0.048077 0.115663
1 0.826923 0.448193 0.134615 0.149398
1 0.772837 0.404819 0.055288 0.125301
1 0.634615 0.412048 0.076923 0.106024
1 0.572115 0.437349 0.052885 0.122892
1 0.453125 0.428916 0.079327 0.106024
1 0.319712 0.453012 0.100962 0.125301
1 0.247596 0.380723 0.043269 0.067470
1 0.203125 0.366265 0.036058 0.038554
1 0.099760 0.473494 0.108173 0.137349
1 0.045673 0.486747 0.086538 0.134940
2 0.955529 0.481928 0.088942 0.390361
2 0.819712 0.540964 0.149038 0.460241
2 0.774038 0.449398 0.091346 0.306024
2 0.638221 0.484337 0.132212 0.366265
2 0.569712 0.481928 0.081731 0.274699
2 0.460337 0.489157 0.137019 0.327711
2 0.330529 0.545783 0.165865 0.455422
2 0.245192 0.407229 0.048077 0.168675
2 0.204327 0.392771 0.057692 0.134940
2 0.110577 0.534940 0.134615 0.375904
2 0.069712 0.585542 0.134615 0.477108
