4 0.665865 0.449398 0.043269 0.065060
4 0.625000 0.451807 0.062500 0.074699
4 0.586538 0.481928 0.048077 0.062651
4 0.540865 0.455422 0.048077 0.062651
4 0.497596 0.455422 0.048077 0.072289
4 0.418269 0.439759 0.072115 0.065060
3 0.707933 0.551807 0.064904 0.154217
3 0.645433 0.562651 0.098558 0.171084
3 0.497596 0.512048 0.086538 0.050602
3 0.396635 0.542169 0.096154 0.159036
2 0.693510 0.619277 0.098558 0.400000
2 0.641827 0.624096 0.110577 0.414458
2 0.551683 0.590361 0.064904 0.342169
2 0.507212 0.602410 0.115385 0.366265
2 0.402644 0.612048 0.108173 0.409639
