4 0.837740 0.355769 0.074519 0.086538
4 0.710337 0.402644 0.069712 0.074519
4 0.585337 0.389423 0.064904 0.081731
4 0.447115 0.403846 0.072115 0.081731
4 0.252404 0.400240 0.057692 0.084135
4 0.188702 0.394231 0.093750 0.100962
4 0.067308 0.418269 0.067308 0.072115
1 0.847356 0.479567 0.122596 0.151442
1 0.718750 0.504808 0.096154 0.129808
1 0.579327 0.477163 0.105769 0.127404
1 0.437500 0.498798 0.105769 0.137019
1 0.180288 0.536058 0.163462 0.197115
1 0.254808 0.498798 0.086538 0.127404
1 0.070913 0.512019 0.093750 0.125000
2 0.844952 0.584135 0.175481 0.538462
2 0.718750 0.587740 0.139423 0.444712
2 0.578125 0.580529 0.141827 0.459135
2 0.418269 0.605769 0.139423 0.485577
2 0.181490 0.610577 0.165865 0.533654
2 0.069712 0.598558 0.129808 0.427885
