0 0.725962 0.334135 0.120192 0.134615
0 0.567308 0.383413 0.081731 0.098558
0 0.376202 0.411058 0.093750 0.134615
0 0.258413 0.375000 0.127404 0.144231
0 0.901442 0.387019 0.048077 0.057692
0 0.164663 0.414663 0.079327 0.098558
1 0.956731 0.503606 0.086538 0.242788
1 0.901442 0.481971 0.086538 0.137019
1 0.765625 0.587740 0.266827 0.411058
1 0.557692 0.520433 0.163462 0.209135
1 0.405048 0.626202 0.213942 0.367788
1 0.262019 0.625000 0.240385 0.413462
1 0.114183 0.582933 0.088942 0.262019
2 0.766827 0.552885 0.264423 0.567308
2 0.557692 0.588942 0.158654 0.500000
2 0.412260 0.592548 0.209135 0.492788
2 0.263221 0.570913 0.242788 0.526442
2 0.137019 0.600962 0.134615 0.471154
2 0.955529 0.579327 0.088942 0.514423
