0 0.664663 0.323317 0.055288 0.074519
0 0.471154 0.312500 0.048077 0.062500
0 0.330529 0.320913 0.055288 0.064904
0 0.197115 0.317308 0.048077 0.062500
0 0.093750 0.336538 0.043269 0.057692
1 0.669471 0.401442 0.079327 0.120192
1 0.463942 0.381010 0.086538 0.103365
1 0.316106 0.403846 0.127404 0.105769
1 0.191106 0.385817 0.084135 0.093750
1 0.102163 0.411058 0.088942 0.110577
2 0.667067 0.457933 0.103365 0.343750
2 0.465144 0.439904 0.103365 0.312500
2 0.332933 0.467548 0.156250 0.353365
2 0.207933 0.457933 0.117788 0.338942
2 0.112981 0.453125 0.110577 0.286058
