0 0.957933 0.457933 0.050481 0.060096
0 0.843750 0.431490 0.081731 0.088942
0 0.707933 0.443510 0.112981 0.117788
0 0.554087 0.443510 0.060096 0.069712
0 0.411058 0.429087 0.096154 0.103365
0 0.177885 0.433894 0.076923 0.098558
1 0.957933 0.563702 0.084135 0.165865
1 0.838942 0.580529 0.120192 0.223558
1 0.700721 0.687500 0.180288 0.370192
1 0.572115 0.570913 0.120192 0.204327
1 0.424279 0.614183 0.175481 0.305288
1 0.189904 0.586538 0.144231 0.235577
2 0.956731 0.612981 0.086538 0.365385
2 0.846154 0.628606 0.149038 0.483173
2 0.711538 0.632212 0.254808 0.490385
2 0.545673 0.637019 0.173077 0.451923
2 0.411058 0.621394 0.206731 0.483173
2 0.176683 0.626202 0.242788 0.478365
