0 0.778846 0.384615 0.096154 0.125000
0 0.611779 0.407452 0.069712 0.093750
0 0.498798 0.393029 0.103365 0.127404
0 0.269231 0.381010 0.072115 0.079327
0 0.128606 0.354567 0.084135 0.103365
1 0.795673 0.606971 0.235577 0.343750
1 0.612981 0.546875 0.129808 0.228365
1 0.475962 0.610577 0.250000 0.346154
1 0.268029 0.491587 0.122596 0.151442
1 0.121394 0.514423 0.189904 0.221154
2 0.784856 0.575721 0.262019 0.507212
2 0.611779 0.596154 0.132212 0.466346
2 0.477163 0.580529 0.252404 0.497596
2 0.280048 0.585337 0.146635 0.487981
2 0.120192 0.567308 0.187500 0.524038
