4 0.929087 0.461446 0.050481 0.045783
4 0.475962 0.202410 0.028846 0.038554
4 0.667067 0.300000 0.036058 0.040964
4 0.639423 0.383133 0.038462 0.048193
4 0.533654 0.355422 0.038462 0.036145
4 0.515625 0.384337 0.040865 0.050602
4 0.405048 0.389157 0.016827 0.040964
4 0.973558 0.615663 0.052885 0.050602
4 0.332933 0.302410 0.036058 0.036145
4 0.169471 0.290361 0.036058 0.036145
4 0.240385 0.378313 0.038462 0.038554
4 0.143029 0.491566 0.045673 0.053012
4 0.477163 0.253012 0.060096 0.072289
1 0.937500 0.514458 0.072115 0.074699
1 0.965144 0.691566 0.069712 0.106024
1 0.686298 0.366265 0.055288 0.081928
1 0.649038 0.443373 0.072115 0.086747
1 0.524038 0.432530 0.057692 0.074699
1 0.421875 0.439759 0.060096 0.069880
1 0.325721 0.357831 0.060096 0.079518
1 0.171875 0.342169 0.055288 0.072289
1 0.254808 0.430120 0.057692 0.060241
1 0.131010 0.548193 0.084135 0.084337
2 0.963942 0.708434 0.072115 0.236145
2 0.912260 0.543373 0.122596 0.209639
2 0.682692 0.375904 0.067308 0.187952
2 0.651442 0.462651 0.076923 0.207229
2 0.525240 0.465060 0.060096 0.212048
2 0.477163 0.271084 0.060096 0.175904
2 0.423077 0.462651 0.062500 0.187952
2 0.313702 0.383133 0.088942 0.197590
2 0.245192 0.455422 0.076923 0.192771
2 0.174279 0.366265 0.084135 0.187952
2 0.144231 0.590361 0.115385 0.245783
