0 0.943510 0.356971 0.060096 0.093750
0 0.840144 0.253606 0.050481 0.060096
0 0.840144 0.316106 0.055288 0.060096
0 0.765625 0.231971 0.045673 0.045673
0 0.811298 0.387019 0.064904 0.057692
0 0.763221 0.290865 0.064904 0.076923
0 0.665865 0.284856 0.048077 0.064904
0 0.611779 0.282452 0.050481 0.069712
0 0.544471 0.235577 0.021635 0.024038
0 0.503606 0.282452 0.050481 0.069712
0 0.475962 0.331731 0.057692 0.072115
0 0.426683 0.265625 0.040865 0.064904
0 0.364183 0.308894 0.055288 0.079327
0 0.306490 0.329327 0.060096 0.081731
0 0.224760 0.266827 0.050481 0.067308
0 0.182692 0.319712 0.057692 0.081731
0 0.062500 0.359375 0.067308 0.079327
1 0.939904 0.455529 0.120192 0.141827
1 0.816106 0.501202 0.151442 0.209135
1 0.758413 0.418269 0.161058 0.206731
1 0.620192 0.365385 0.125000 0.120192
1 0.548077 0.271635 0.038462 0.048077
1 0.502404 0.433894 0.125000 0.165865
1 0.432692 0.343750 0.096154 0.129808
1 0.372596 0.393029 0.100962 0.127404
1 0.305288 0.415865 0.100962 0.129808
1 0.236779 0.370192 0.069712 0.158654
1 0.181490 0.409856 0.141827 0.137019
1 0.056490 0.457933 0.108173 0.127404
2 0.937500 0.556490 0.125000 0.487981
2 0.801683 0.593750 0.189904 0.466346
2 0.742788 0.504808 0.192308 0.495192
2 0.618990 0.473558 0.132212 0.451923
2 0.504808 0.509615 0.129808 0.427885
2 0.550481 0.283654 0.038462 0.120192
2 0.430288 0.401442 0.096154 0.331731
2 0.373798 0.493990 0.098558 0.444712
2 0.324519 0.513221 0.134615 0.444712
2 0.237981 0.433894 0.072115 0.391827
2 0.191106 0.506010 0.156250 0.449519
2 0.058894 0.542067 0.112981 0.439904
