0 0.852163 0.427885 0.055288 0.057692
0 0.733173 0.425481 0.052885 0.057692
0 0.582933 0.472356 0.050481 0.060096
0 0.408654 0.429087 0.043269 0.045673
4 0.320913 0.436298 0.055288 0.064904
0 0.194712 0.438702 0.048077 0.055288
4 0.061298 0.419471 0.060096 0.069712
1 0.864183 0.533654 0.112981 0.149038
1 0.747596 0.538462 0.115385 0.168269
1 0.582933 0.551683 0.108173 0.108173
1 0.403846 0.542067 0.105769 0.185096
1 0.317308 0.519231 0.096154 0.134615
1 0.186298 0.527644 0.132212 0.137019
1 0.052885 0.519231 0.100962 0.158654
2 0.858173 0.615385 0.129808 0.432692
2 0.730769 0.588942 0.144231 0.384615
2 0.581731 0.598558 0.110577 0.312500
2 0.403846 0.570913 0.105769 0.329327
2 0.311298 0.581731 0.103365 0.350962
2 0.186298 0.581731 0.132212 0.341346
2 0.056490 0.581731 0.108173 0.389423
