0 0.617234 0.343844 0.048096 0.099099
0 0.514028 0.342342 0.050100 0.090090
0 0.431864 0.247748 0.050100 0.093093
0 0.982966 0.469970 0.030060 0.051051
0 0.836673 0.465465 0.026052 0.048048
0 0.813627 0.490991 0.032064 0.051051
0 0.745491 0.454955 0.028056 0.045045
0 0.701403 0.474474 0.028056 0.048048
1 0.988978 0.539039 0.022044 0.105105
1 0.846693 0.519520 0.034068 0.072072
1 0.823647 0.539039 0.040080 0.075075
1 0.755511 0.528529 0.040080 0.120120
1 0.706413 0.554054 0.050100 0.123123
1 0.621242 0.492492 0.104208 0.198198
1 0.511022 0.512012 0.104208 0.267267
1 0.418838 0.405405 0.116232 0.222222
2 0.981964 0.588589 0.036072 0.294294
2 0.844689 0.582583 0.042084 0.282282
2 0.826653 0.596096 0.058116 0.267267
2 0.754509 0.572072 0.050100 0.279279
2 0.712425 0.597598 0.098196 0.288288
2 0.618236 0.581081 0.122244 0.573574
2 0.514028 0.584084 0.110220 0.573574
2 0.397796 0.534535 0.162325 0.666667
