0 0.820000 0.402985 0.048000 0.083582
0 0.579000 0.237313 0.086000 0.164179
0 0.421000 0.262687 0.050000 0.095522
0 0.271000 0.129851 0.042000 0.074627
0 0.333000 0.523881 0.066000 0.128358
1 0.832000 0.488060 0.084000 0.152239
1 0.552000 0.425373 0.132000 0.289552
1 0.418000 0.388060 0.088000 0.191045
1 0.333000 0.628358 0.106000 0.140299
1 0.258000 0.243284 0.072000 0.146269
2 0.786000 0.479104 0.180000 0.235821
2 0.544000 0.528358 0.204000 0.752239
2 0.412000 0.420896 0.156000 0.411940
2 0.351000 0.631343 0.210000 0.343284
2 0.250000 0.331343 0.108000 0.471642
