0 0.909820 0.313814 0.048096 0.099099
0 0.799599 0.333333 0.052104 0.102102
0 0.765531 0.325826 0.044088 0.105105
0 0.649299 0.354354 0.044088 0.090090
0 0.630261 0.411411 0.046092 0.090090
0 0.677355 0.567568 0.060120 0.108108
0 0.568136 0.334835 0.054108 0.093093
0 0.489980 0.527027 0.046092 0.093093
0 0.433868 0.351351 0.054108 0.096096
0 0.362725 0.418919 0.044088 0.087087
0 0.292585 0.360360 0.048096 0.096096
0 0.222445 0.339339 0.048096 0.084084
0 0.175351 0.382883 0.058116 0.111111
1 0.931864 0.478979 0.108216 0.255255
1 0.806613 0.496997 0.106212 0.249249
1 0.682365 0.722222 0.094188 0.195195
1 0.638277 0.617117 0.098196 0.321321
1 0.565130 0.493994 0.080160 0.243243
1 0.435872 0.495495 0.110220 0.222222
1 0.484970 0.648649 0.100200 0.150150
1 0.346693 0.540541 0.096192 0.168168
1 0.292585 0.507508 0.092184 0.222222
1 0.229459 0.498498 0.082164 0.204204
1 0.158317 0.584084 0.116232 0.297297
2 0.931864 0.596096 0.136273 0.657658
2 0.812625 0.623123 0.162325 0.681682
2 0.672345 0.750751 0.170341 0.468468
2 0.637275 0.596096 0.128257 0.447447
2 0.562124 0.593093 0.098196 0.615616
2 0.483968 0.729730 0.178357 0.498498
2 0.450902 0.608108 0.132265 0.609610
2 0.345691 0.651652 0.106212 0.540541
2 0.290581 0.606607 0.092184 0.588589
2 0.234469 0.609610 0.096192 0.624625
2 0.150301 0.641141 0.136273 0.627628
