0 0.881764 0.225225 0.064128 0.120120
0 0.776553 0.258258 0.054108 0.090090
0 0.693387 0.255255 0.044088 0.072072
0 0.655311 0.231231 0.036072 0.072072
0 0.579158 0.219219 0.036072 0.072072
0 0.492986 0.241742 0.032064 0.069069
0 0.416834 0.243243 0.036072 0.072072
0 0.325651 0.238739 0.042084 0.075075
0 0.265531 0.223724 0.042084 0.081081
0 0.198397 0.243243 0.044088 0.090090
0 0.116232 0.231231 0.064128 0.114114
0 0.609218 0.333333 0.032064 0.072072
0 0.670341 0.490991 0.050100 0.099099
0 0.559118 0.351351 0.040080 0.078078
0 0.483968 0.342342 0.038076 0.072072
0 0.366733 0.352853 0.040080 0.081081
0 0.537074 0.433934 0.048096 0.087087
0 0.442886 0.418919 0.044088 0.081081
0 0.331663 0.418919 0.042084 0.081081
0 0.592184 0.507508 0.054108 0.102102
0 0.417836 0.495495 0.058116 0.102102
0 0.345691 0.500000 0.058116 0.093093
0 0.259519 0.472973 0.058116 0.099099
0 0.176353 0.503003 0.060120 0.111111
1 0.893788 0.399399 0.136273 0.276276
1 0.788577 0.393393 0.082164 0.192192
1 0.706413 0.381381 0.090180 0.192192
1 0.583166 0.282282 0.080160 0.090090
1 0.683367 0.608108 0.100200 0.177177
1 0.588176 0.621622 0.118236 0.180180
1 0.528056 0.506006 0.074148 0.105105
1 0.327655 0.618619 0.106212 0.186186
1 0.241483 0.555556 0.090180 0.138138
1 0.164329 0.654655 0.168337 0.246246
1 0.105210 0.426426 0.154309 0.288288
1 0.193387 0.369369 0.086172 0.180180
1 0.261523 0.354354 0.082164 0.192192
1 0.422846 0.361862 0.084168 0.165165
2 0.869739 0.540541 0.192385 0.756757
2 0.784569 0.496997 0.086172 0.567568
2 0.708417 0.375375 0.090180 0.318318
2 0.691383 0.615616 0.096192 0.342342
2 0.559118 0.641141 0.188377 0.381381
2 0.432866 0.660661 0.160321 0.432432
2 0.319639 0.639640 0.130261 0.366366
2 0.242485 0.525526 0.088176 0.204204
2 0.168337 0.677177 0.192385 0.441441
2 0.652305 0.306306 0.046092 0.228228
2 0.614228 0.364865 0.062124 0.135135
2 0.562124 0.367868 0.046092 0.129129
2 0.580160 0.255255 0.086172 0.150150
2 0.506012 0.288288 0.078156 0.174174
2 0.489980 0.370871 0.050100 0.135135
2 0.423848 0.312312 0.082164 0.210210
2 0.323647 0.306306 0.054108 0.216216
2 0.260521 0.318318 0.084168 0.264264
2 0.201403 0.328829 0.098196 0.267267
2 0.108216 0.512012 0.152305 0.681682
