0 0.806000 0.158133 0.096000 0.171687
0 0.593000 0.204819 0.078000 0.150602
0 0.491000 0.188253 0.074000 0.141566
0 0.398000 0.212349 0.068000 0.105422
0 0.326000 0.242470 0.068000 0.129518
0 0.148000 0.203313 0.080000 0.129518
1 0.850000 0.466867 0.192000 0.487952
1 0.629000 0.465361 0.190000 0.400602
1 0.471000 0.438253 0.194000 0.388554
1 0.311000 0.451807 0.130000 0.313253
1 0.124000 0.414157 0.184000 0.328313
2 0.850000 0.536145 0.200000 0.927711
2 0.631000 0.563253 0.194000 0.861446
2 0.474000 0.558735 0.192000 0.882530
2 0.329000 0.581325 0.162000 0.801205
2 0.123000 0.542169 0.190000 0.807229
