0 0.599099 0.769539 0.027027 0.024048
0 0.530030 0.782565 0.033033 0.026052
0 0.475976 0.773547 0.027027 0.024048
0 0.429429 0.768537 0.030030 0.026052
0 0.394895 0.759519 0.033033 0.028056
0 0.352853 0.765531 0.027027 0.028056
1 0.596096 0.810621 0.039039 0.050100
1 0.536036 0.815631 0.057057 0.044088
1 0.483483 0.807615 0.048048 0.048096
1 0.430931 0.805611 0.057057 0.056112
1 0.388889 0.796593 0.039039 0.050100
1 0.340841 0.807615 0.081081 0.060120
2 0.599099 0.836673 0.075075 0.154309
2 0.540541 0.840681 0.072072 0.142285
2 0.483483 0.838677 0.054054 0.146293
2 0.433934 0.832665 0.063063 0.154309
2 0.382883 0.832665 0.057057 0.158317
2 0.342342 0.834669 0.096096 0.166333
