0 0.775000 0.373239 0.031250 0.070423
0 0.662500 0.363850 0.031250 0.061033
0 0.606250 0.469484 0.056250 0.103286
0 0.529687 0.345070 0.034375 0.061033
0 0.431250 0.328638 0.037500 0.065728
0 0.406250 0.464789 0.056250 0.084507
0 0.318750 0.485915 0.043750 0.070423
0 0.292187 0.382629 0.046875 0.079812
1 0.854688 0.504695 0.090625 0.201878
1 0.759375 0.589202 0.112500 0.239437
1 0.667188 0.446009 0.065625 0.112676
1 0.614062 0.619718 0.096875 0.215962
1 0.535937 0.434272 0.071875 0.136150
1 0.421875 0.624413 0.125000 0.253521
1 0.434375 0.413146 0.062500 0.140845
1 0.332813 0.617371 0.090625 0.211268
1 0.290625 0.514085 0.043750 0.201878
2 0.848437 0.539906 0.109375 0.535211
2 0.746875 0.626761 0.137500 0.568075
2 0.615625 0.701878 0.106250 0.577465
2 0.531250 0.483568 0.081250 0.347418
2 0.428125 0.676056 0.131250 0.610329
2 0.334375 0.685446 0.100000 0.469484
2 0.434375 0.373239 0.106250 0.230047
