0 0.909000 0.293333 0.042000 0.064000
0 0.931000 0.422667 0.054000 0.077333
0 0.841000 0.433333 0.050000 0.077333
0 0.765000 0.470667 0.058000 0.082667
0 0.671000 0.398667 0.050000 0.088000
0 0.640000 0.448000 0.052000 0.090667
0 0.534000 0.402667 0.052000 0.085333
0 0.514000 0.460000 0.052000 0.082667
0 0.428000 0.442667 0.056000 0.080000
0 0.354000 0.445333 0.052000 0.090667
0 0.644000 0.866667 0.060000 0.074667
1 0.939000 0.525333 0.086000 0.149333
1 0.917000 0.377333 0.074000 0.114667
1 0.841000 0.552000 0.106000 0.197333
1 0.762000 0.569333 0.104000 0.152000
1 0.641000 0.566667 0.126000 0.200000
1 0.520000 0.584000 0.104000 0.176000
1 0.424000 0.565333 0.084000 0.160000
1 0.338000 0.561333 0.100000 0.194667
1 0.740000 0.884000 0.144000 0.098667
2 0.920000 0.370667 0.084000 0.224000
2 0.943000 0.638667 0.114000 0.509333
2 0.839000 0.629333 0.114000 0.474667
2 0.763000 0.641333 0.102000 0.424000
2 0.641000 0.626667 0.134000 0.442667
2 0.519000 0.654667 0.106000 0.466667
2 0.431000 0.641333 0.118000 0.472000
2 0.340000 0.642667 0.104000 0.480000
2 0.807000 0.886667 0.386000 0.114667
