0 0.909820 0.134561 0.084168 0.150142
0 0.806613 0.171388 0.070140 0.127479
0 0.751503 0.185552 0.060120 0.121813
0 0.691383 0.165722 0.060120 0.099150
0 0.632265 0.145892 0.070140 0.138810
0 0.584168 0.177054 0.058116 0.110482
0 0.565130 0.117564 0.072144 0.133144
0 0.507014 0.167139 0.064128 0.113314
0 0.433868 0.128895 0.074148 0.150142
0 0.368737 0.158640 0.068136 0.130312
0 0.306613 0.174221 0.052104 0.121813
0 0.274549 0.124646 0.080160 0.141643
0 0.163327 0.152975 0.082164 0.135977
0 0.060120 0.168555 0.080160 0.116147
1 0.927856 0.337110 0.144289 0.288952
1 0.800601 0.376771 0.094188 0.271955
1 0.639279 0.369688 0.172345 0.331445
1 0.430862 0.356941 0.180361 0.322946
1 0.266533 0.373938 0.152305 0.385269
1 0.151303 0.388102 0.142285 0.379603
1 0.046092 0.409348 0.088176 0.337110
2 0.873747 0.512748 0.252505 0.906516
2 0.800601 0.501416 0.106212 0.781870
2 0.637275 0.518414 0.180361 0.883853
2 0.451904 0.507082 0.226453 0.900850
2 0.252505 0.522663 0.180361 0.937677
2 0.151303 0.516997 0.142285 0.864023
2 0.065130 0.528329 0.126253 0.841360
