0 0.578156 0.348348 0.042084 0.072072
0 0.588176 0.451952 0.038076 0.069069
0 0.496994 0.399399 0.044088 0.084084
0 0.394790 0.318318 0.044088 0.090090
0 0.360721 0.477477 0.044088 0.078078
1 0.583166 0.516517 0.060120 0.096096
1 0.490982 0.483483 0.060120 0.120120
1 0.397796 0.430931 0.086172 0.165165
1 0.368737 0.563063 0.056112 0.117117
1 0.577154 0.427928 0.060120 0.093093
2 0.600200 0.572072 0.114228 0.315315
2 0.580160 0.518018 0.090180 0.417417
2 0.494990 0.540541 0.092184 0.372372
2 0.412826 0.515015 0.136273 0.483483
2 0.375752 0.606607 0.082164 0.342342
