0 0.789000 0.356000 0.206000 0.338667
0 0.688000 0.454667 0.144000 0.248000
0 0.488000 0.384000 0.108000 0.181333
0 0.346000 0.370667 0.124000 0.245333
0 0.250000 0.433333 0.168000 0.269333
0 0.142000 0.597333 0.248000 0.346667
1 0.847000 0.729333 0.306000 0.541333
1 0.503000 0.676000 0.246000 0.461333
1 0.358000 0.750667 0.196000 0.488000
1 0.099000 0.877333 0.194000 0.245333
2 0.843000 0.593333 0.314000 0.813333
2 0.504000 0.646667 0.248000 0.706667
2 0.444000 0.624000 0.364000 0.746667
2 0.250000 0.649333 0.172000 0.701333
2 0.132000 0.714667 0.260000 0.570667
