4 0.692000 0.615616 0.084000 0.108108
4 0.558000 0.660661 0.068000 0.102102
4 0.493000 0.660661 0.050000 0.084084
4 0.389000 0.617117 0.038000 0.075075
4 0.277000 0.690691 0.082000 0.120120
4 0.227000 0.624625 0.074000 0.096096
3 0.718000 0.800300 0.132000 0.273273
3 0.562000 0.860360 0.120000 0.279279
3 0.489000 0.819820 0.078000 0.222222
3 0.266000 0.858859 0.140000 0.234234
3 0.197000 0.782282 0.074000 0.219219
3 0.374000 0.726727 0.076000 0.168168
2 0.720000 0.782282 0.132000 0.435435
2 0.557000 0.804805 0.138000 0.390390
2 0.483000 0.807808 0.086000 0.384384
2 0.385000 0.791291 0.098000 0.417417
2 0.273000 0.816817 0.154000 0.366366
2 0.205000 0.788288 0.106000 0.423423
