0 0.885938 0.204861 0.060937 0.134722
0 0.812891 0.197917 0.044531 0.093056
0 0.741016 0.223611 0.055469 0.094444
0 0.611328 0.256944 0.050781 0.097222
0 0.685937 0.332639 0.025000 0.048611
0 0.519141 0.304861 0.032031 0.059722
0 0.437500 0.324306 0.031250 0.065278
0 0.480859 0.371528 0.021094 0.043056
1 0.889844 0.402083 0.075000 0.284722
1 0.823828 0.376389 0.085156 0.238889
1 0.753125 0.392361 0.121875 0.279167
1 0.624609 0.426389 0.117969 0.266667
3 0.520312 0.409722 0.068750 0.150000
1 0.438281 0.431250 0.089063 0.165278
0 0.436328 0.478472 0.027344 0.051389
1 0.432031 0.531250 0.043750 0.056944
0 0.402344 0.360417 0.026562 0.051389
2 0.896094 0.509028 0.100000 0.751389
2 0.825781 0.484028 0.085938 0.670833
2 0.752734 0.514583 0.119531 0.673611
2 0.690625 0.479861 0.051562 0.348611
2 0.623828 0.532639 0.117969 0.651389
2 0.523438 0.475000 0.075000 0.408333
2 0.437109 0.436111 0.086719 0.291667
2 0.432422 0.537500 0.052344 0.172222
2 0.387109 0.463194 0.050781 0.259722
