0 0.611719 0.195833 0.071875 0.141667
0 0.798828 0.163194 0.017969 0.043056
0 0.974609 0.156250 0.025781 0.043056
0 0.945312 0.181250 0.021875 0.048611
0 0.575781 0.177083 0.020313 0.045833
0 0.433984 0.103472 0.024219 0.048611
0 0.290234 0.181944 0.060156 0.144444
0 0.255469 0.197222 0.020313 0.038889
0 0.178906 0.106250 0.023438 0.048611
0 0.203906 0.261111 0.045312 0.091667
0 0.181641 0.287500 0.036719 0.063889
0 0.067578 0.267361 0.100781 0.198611
3 0.608984 0.447917 0.158594 0.356944
3 0.283984 0.455556 0.136719 0.352778
1 0.983203 0.213194 0.033594 0.101389
1 0.940234 0.227778 0.028906 0.061111
1 0.793359 0.225000 0.039844 0.086111
1 0.567969 0.229861 0.035937 0.090278
1 0.427344 0.179167 0.040625 0.108333
1 0.253906 0.252778 0.025000 0.075000
1 0.180469 0.190972 0.048438 0.126389
1 0.094531 0.550000 0.159375 0.375000
2 0.098437 0.581250 0.195312 0.837500
2 0.286328 0.554861 0.178906 0.890278
2 0.607812 0.561806 0.201563 0.876389
2 0.190625 0.513194 0.092188 0.593056
2 0.427344 0.229167 0.043750 0.297222
2 0.179688 0.170139 0.050000 0.173611
2 0.567578 0.225694 0.036719 0.143056
2 0.804688 0.279861 0.068750 0.273611
2 0.980859 0.271528 0.038281 0.273611
2 0.948047 0.282639 0.050781 0.251389
