0 0.952344 0.490278 0.032813 0.066667
0 0.842187 0.285417 0.071875 0.087500
0 0.488281 0.146528 0.053125 0.112500
0 0.355469 0.143750 0.051562 0.112500
0 0.218359 0.228472 0.121094 0.195833
1 0.951172 0.576389 0.049219 0.116667
1 0.833203 0.411806 0.071094 0.156944
3 0.491797 0.347917 0.107031 0.281944
3 0.350391 0.356250 0.116406 0.301389
1 0.225781 0.506250 0.231250 0.390278
2 0.943750 0.641667 0.073438 0.372222
2 0.847266 0.528472 0.141406 0.579167
2 0.485547 0.501389 0.142969 0.827778
2 0.363281 0.502083 0.145313 0.826389
2 0.239453 0.565972 0.258594 0.868056
