4 0.919167 0.454444 0.066667 0.104444
4 0.756250 0.447778 0.052500 0.102222
4 0.646667 0.487222 0.053333 0.081111
4 0.538750 0.488889 0.045833 0.082222
4 0.446250 0.510556 0.044167 0.078889
4 0.345417 0.489444 0.044167 0.072222
4 0.151250 0.452778 0.110833 0.154444
3 0.924583 0.603333 0.130833 0.213333
3 0.767083 0.595556 0.110833 0.195556
3 0.650417 0.617222 0.085833 0.183333
3 0.542500 0.606111 0.081667 0.161111
3 0.445417 0.616111 0.074167 0.152222
1 0.347500 0.591111 0.070000 0.135556
3 0.148750 0.737222 0.180833 0.358889
2 0.926250 0.700556 0.147500 0.598889
2 0.779583 0.694444 0.137500 0.593333
2 0.657917 0.696111 0.102500 0.492222
2 0.544583 0.680000 0.097500 0.464444
2 0.450000 0.680000 0.091667 0.413333
2 0.352500 0.666111 0.086667 0.432222
2 0.170000 0.689444 0.225000 0.621111
