4 0.896667 0.337778 0.080000 0.100000
4 0.763750 0.285556 0.062500 0.100000
4 0.631667 0.295000 0.055000 0.085556
4 0.564167 0.286667 0.048333 0.080000
4 0.488333 0.297222 0.041667 0.067778
4 0.073750 0.238889 0.087500 0.135556
3 0.890000 0.484444 0.121667 0.228889
3 0.765417 0.422778 0.105833 0.190000
3 0.631667 0.413889 0.076667 0.165556
3 0.564167 0.399444 0.061667 0.152222
3 0.492083 0.390000 0.060833 0.124444
3 0.067500 0.436111 0.133333 0.305556
2 0.891250 0.569444 0.132500 0.563333
2 0.762083 0.507778 0.129167 0.544444
2 0.639167 0.487778 0.098333 0.471111
2 0.563750 0.455000 0.084167 0.423333
2 0.492500 0.443889 0.080000 0.361111
2 0.083750 0.561111 0.165833 0.775556
