4 0.674074 0.653704 0.057407 0.066667
4 0.572222 0.678241 0.035185 0.047222
4 0.486111 0.647222 0.040741 0.053704
4 0.393056 0.661574 0.043519 0.058333
4 0.299537 0.685648 0.045370 0.054630
3 0.681481 0.766667 0.101852 0.155556
3 0.570370 0.742130 0.064815 0.097222
3 0.484259 0.715278 0.066667 0.097222
3 0.391204 0.733333 0.076852 0.109259
3 0.302315 0.764352 0.078704 0.108333
2 0.676389 0.779167 0.117593 0.319444
2 0.568056 0.774074 0.087963 0.237037
2 0.481481 0.760185 0.085185 0.279630
2 0.390741 0.774537 0.088889 0.284259
2 0.305093 0.791667 0.089815 0.268519
