4 0.756364 0.260000 0.196364 0.300000
4 0.697273 0.417500 0.063636 0.100000
4 0.590909 0.383750 0.072727 0.132500
4 0.494545 0.375000 0.116364 0.175000
4 0.197273 0.260000 0.194545 0.260000
3 0.589091 0.591250 0.109091 0.297500
3 0.454545 0.633750 0.207273 0.392500
3 0.171818 0.618750 0.252727 0.522500
4 0.389091 0.685000 0.174545 0.185000
4 0.517273 0.757500 0.107273 0.095000
1 0.839091 0.670000 0.321818 0.655000
2 0.724545 0.555000 0.550909 0.890000
2 0.581818 0.657500 0.141818 0.685000
2 0.452727 0.642500 0.229091 0.715000
2 0.184545 0.563750 0.365455 0.872500
