2 0.952778 0.548765 0.066667 0.302469
2 0.898148 0.543210 0.055556 0.264198
2 0.843056 0.532099 0.050926 0.254321
2 0.812963 0.525926 0.040741 0.239506
2 0.784722 0.510494 0.043519 0.233333
2 0.759722 0.506790 0.030556 0.225926
2 0.743056 0.511728 0.028704 0.191358
2 0.722685 0.504321 0.026852 0.193827
2 0.703704 0.508642 0.022222 0.170370
2 0.685648 0.507407 0.026852 0.162963
2 0.663889 0.501235 0.024074 0.153086
2 0.649074 0.496296 0.020370 0.155556
2 0.631944 0.493210 0.025000 0.149383
2 0.612963 0.491358 0.020370 0.143210