0 0.836538 0.413253 0.062500 0.065060
0 0.718750 0.391566 0.081731 0.098795
0 0.618990 0.398795 0.093750 0.122892
0 0.566106 0.396386 0.040865 0.065060
0 0.443510 0.413253 0.055288 0.069880
0 0.359375 0.419277 0.069712 0.101205
0 0.176683 0.327711 0.141827 0.159036
1 0.823317 0.504819 0.103365 0.122892
1 0.637019 0.542169 0.168269 0.197590
1 0.451923 0.506024 0.115385 0.115663
1 0.361779 0.551807 0.151442 0.159036
1 0.181490 0.551807 0.266827 0.289157
2 0.823317 0.587952 0.141827 0.409639
2 0.646635 0.587952 0.221154 0.496386
2 0.552885 0.560241 0.096154 0.387952
2 0.459135 0.593976 0.120192 0.431325
2 0.362981 0.603614 0.187500 0.469880
2 0.200721 0.543373 0.300481 0.585542
