4 0.852163 0.348193 0.088942 0.098795
4 0.706731 0.307229 0.072115 0.108434
4 0.586538 0.356627 0.086538 0.110843
4 0.421875 0.336145 0.079327 0.103614
4 0.328125 0.368675 0.084135 0.110843
4 0.212740 0.309639 0.084135 0.122892
3 0.868990 0.510843 0.137019 0.226506
3 0.713942 0.475904 0.139423 0.209639
3 0.580529 0.509639 0.146635 0.195181
3 0.433894 0.502410 0.132212 0.238554
3 0.330529 0.528916 0.151442 0.219277
3 0.200721 0.467470 0.161058 0.221687
2 0.876202 0.567470 0.156250 0.532530
2 0.721154 0.544578 0.177885 0.578313
2 0.580529 0.567470 0.170673 0.532530
2 0.438702 0.559036 0.141827 0.549398
2 0.343750 0.572289 0.168269 0.513253
2 0.189904 0.538554 0.182692 0.575904
