0 0.731971 0.481971 0.055288 0.069712
0 0.632212 0.444712 0.048077 0.062500
0 0.542067 0.465144 0.050481 0.055288
0 0.461538 0.472356 0.043269 0.050481
0 0.354567 0.495192 0.036058 0.043269
0 0.262019 0.497596 0.048077 0.052885
4 0.139423 0.479567 0.057692 0.074519
1 0.754808 0.588942 0.125000 0.173077
1 0.643029 0.557692 0.108173 0.173077
1 0.542067 0.563702 0.103365 0.146635
1 0.457933 0.552885 0.069712 0.115385
1 0.360577 0.566106 0.072115 0.103365
1 0.272837 0.588942 0.127404 0.139423
1 0.127404 0.585337 0.115385 0.141827
2 0.753606 0.662260 0.117788 0.425481
2 0.643029 0.633413 0.108173 0.435096
2 0.543269 0.615385 0.105769 0.355769
2 0.465144 0.597356 0.084135 0.295673
2 0.362981 0.605769 0.076923 0.269231
2 0.271635 0.649038 0.129808 0.360577
2 0.127404 0.631010 0.120192 0.377404
