4 0.763221 0.438554 0.074519 0.077108
4 0.597356 0.437349 0.074519 0.079518
4 0.489183 0.450602 0.055288 0.067470
4 0.334135 0.460241 0.062500 0.072289
4 0.179087 0.455422 0.069712 0.077108
1 0.784856 0.528916 0.088942 0.142169
1 0.609375 0.518072 0.084135 0.120482
1 0.510817 0.530120 0.074519 0.106024
1 0.336538 0.544578 0.091346 0.120482
1 0.167067 0.539759 0.079327 0.115663
2 0.777644 0.606024 0.108173 0.412048
2 0.604567 0.603614 0.093750 0.412048
2 0.506010 0.603614 0.079327 0.363855
2 0.340144 0.610843 0.103365 0.373494
2 0.180288 0.619277 0.100962 0.400000
