0 0.883413 0.341346 0.069712 0.081731
0 0.824519 0.311298 0.052885 0.064904
0 0.984375 0.329327 0.031250 0.048077
0 0.733173 0.372596 0.067308 0.081731
0 0.673077 0.331731 0.038462 0.048077
0 0.616587 0.316106 0.084135 0.093750
0 0.468750 0.305288 0.067308 0.081731
0 0.394231 0.317308 0.072115 0.091346
0 0.263221 0.314904 0.055288 0.076923
0 0.217548 0.341346 0.069712 0.091346
0 0.081731 0.311298 0.062500 0.074519
1 0.965144 0.413462 0.069712 0.120192
1 0.884615 0.483173 0.144231 0.201923
1 0.813702 0.395433 0.079327 0.122596
1 0.745192 0.483173 0.091346 0.163462
1 0.629808 0.466346 0.206731 0.250000
1 0.485577 0.445913 0.129808 0.223558
1 0.387019 0.486779 0.201923 0.271635
1 0.210337 0.479567 0.185096 0.209135
1 0.092548 0.448317 0.141827 0.213942
2 0.966346 0.468750 0.067308 0.322115
2 0.871394 0.561298 0.218750 0.516827
2 0.737981 0.539663 0.105769 0.411058
2 0.633413 0.551683 0.209135 0.560096
2 0.484375 0.516827 0.122596 0.504808
2 0.384615 0.549279 0.201923 0.550481
2 0.200721 0.556490 0.213942 0.521635
2 0.092548 0.509615 0.141827 0.466346
