0 0.919471 0.284856 0.084135 0.103365
0 0.862981 0.284856 0.038462 0.088942
4 0.717548 0.300481 0.079327 0.096154
0 0.560096 0.264423 0.081731 0.105769
0 0.508413 0.284856 0.055288 0.079327
0 0.444712 0.268029 0.072115 0.088942
0 0.304087 0.281250 0.079327 0.096154
0 0.217548 0.280048 0.055288 0.069712
0 0.157452 0.251202 0.084135 0.122596
1 0.923077 0.425481 0.153846 0.206731
1 0.835337 0.407452 0.084135 0.161058
1 0.723558 0.418269 0.153846 0.163462
1 0.556490 0.396635 0.170673 0.182692
1 0.443510 0.394231 0.137019 0.173077
1 0.325721 0.400240 0.132212 0.170673
1 0.167067 0.437500 0.180288 0.283654
2 0.896635 0.552885 0.201923 0.625000
2 0.718750 0.520433 0.168269 0.531250
2 0.544471 0.537260 0.199519 0.646635
2 0.448317 0.514423 0.146635 0.572115
2 0.317308 0.536058 0.168269 0.605769
2 0.146635 0.531250 0.288462 0.682692
