0 0.873798 0.310843 0.069712 0.086747
0 0.831731 0.302410 0.048077 0.079518
0 0.798077 0.325301 0.033654 0.043373
0 0.697115 0.307229 0.072115 0.084337
0 0.634615 0.306024 0.043269 0.053012
0 0.588942 0.306024 0.052885 0.067470
0 0.463942 0.310843 0.062500 0.072289
0 0.300481 0.308434 0.072115 0.081928
0 0.175481 0.300000 0.081731 0.084337
0 0.100962 0.332530 0.067308 0.062651
1 0.879808 0.442169 0.158654 0.209639
1 0.701923 0.407229 0.144231 0.139759
1 0.584135 0.400000 0.120192 0.125301
1 0.460337 0.415663 0.161058 0.132530
1 0.305288 0.421687 0.163462 0.154217
1 0.163462 0.403614 0.149038 0.151807
2 0.882212 0.540964 0.158654 0.546988
2 0.807692 0.489157 0.096154 0.443373
2 0.664663 0.516867 0.218750 0.498795
2 0.466346 0.518072 0.168269 0.486747
2 0.328125 0.537349 0.204327 0.534940
2 0.179087 0.522892 0.180288 0.530120
2 0.085337 0.521687 0.112981 0.436145
