0 0.966346 0.316106 0.067308 0.093750
0 0.745192 0.292067 0.081731 0.093750
0 0.612981 0.347356 0.052885 0.069712
0 0.417067 0.319712 0.060096 0.086538
0 0.250000 0.287260 0.086538 0.103365
0 0.277644 0.359375 0.040865 0.055288
0 0.079327 0.260817 0.144231 0.141827
1 0.937500 0.430288 0.125000 0.153846
1 0.729567 0.430288 0.194712 0.206731
1 0.622596 0.409856 0.110577 0.127404
1 0.420673 0.427885 0.139423 0.158654
1 0.231971 0.443510 0.146635 0.262019
1 0.296875 0.407452 0.060096 0.064904
1 0.084135 0.507212 0.163462 0.418269
2 0.929087 0.518029 0.141827 0.492788
2 0.716346 0.555288 0.221154 0.615385
2 0.616587 0.492788 0.108173 0.360577
2 0.420673 0.521635 0.144231 0.495192
2 0.248798 0.549279 0.180288 0.622596
2 0.086538 0.537260 0.168269 0.685096
