4 0.822115 0.302410 0.105769 0.137349
4 0.675481 0.356627 0.096154 0.120482
4 0.568510 0.289157 0.093750 0.125301
4 0.508413 0.366265 0.098558 0.120482
4 0.362981 0.344578 0.100962 0.134940
4 0.227163 0.302410 0.093750 0.122892
3 0.819712 0.507229 0.163462 0.281928
1 0.673077 0.573494 0.139423 0.284337
1 0.507212 0.555422 0.163462 0.238554
3 0.342548 0.537349 0.165865 0.269880
3 0.213942 0.493976 0.173077 0.260241
2 0.834135 0.533735 0.211538 0.604819
2 0.662260 0.513253 0.165865 0.424096
2 0.497596 0.506024 0.187500 0.400000
2 0.320913 0.513253 0.223558 0.472289
2 0.221154 0.493976 0.182692 0.501205
