0 0.882212 0.450602 0.062500 0.077108
0 0.737981 0.486747 0.067308 0.091566
0 0.564904 0.466265 0.057692 0.074699
0 0.445913 0.465060 0.175481 0.212048
0 0.260817 0.404819 0.122596 0.144578
0 0.085337 0.454217 0.103365 0.103614
1 0.884615 0.581928 0.125000 0.185542
1 0.750000 0.602410 0.153846 0.197590
1 0.509615 0.685542 0.370192 0.339759
1 0.277644 0.659036 0.218750 0.392771
1 0.091346 0.619277 0.177885 0.269880
2 0.901442 0.643373 0.158654 0.457831
2 0.750000 0.656627 0.158654 0.421687
2 0.509615 0.618072 0.370192 0.513253
2 0.277644 0.602410 0.218750 0.534940
2 0.092548 0.636145 0.180288 0.472289
