0 0.813702 0.309639 0.074519 0.084337
1 0.824519 0.455422 0.144231 0.245783
0 0.629808 0.306024 0.072115 0.081928
0 0.447115 0.316867 0.057692 0.065060
4 0.179087 0.327711 0.064904 0.072289
4 0.096154 0.331325 0.091346 0.093976
1 0.652644 0.444578 0.132212 0.224096
1 0.456731 0.426506 0.100962 0.168675
1 0.192308 0.430120 0.115385 0.151807
1 0.104567 0.465060 0.127404 0.192771
2 0.824519 0.521687 0.149038 0.503614
2 0.651442 0.492771 0.134615 0.450602
2 0.461538 0.471084 0.120192 0.373494
2 0.211538 0.484337 0.139423 0.380723
2 0.118990 0.538554 0.156250 0.508434
