0 0.848558 0.289157 0.057692 0.072289
0 0.879808 0.326506 0.062500 0.084337
0 0.710337 0.319277 0.064904 0.069880
0 0.611779 0.314458 0.060096 0.069880
0 0.506010 0.279518 0.060096 0.072289
0 0.430288 0.327711 0.043269 0.057831
0 0.382212 0.332530 0.048077 0.067470
0 0.260817 0.330120 0.064904 0.072289
0 0.198317 0.353012 0.074519 0.074699
0 0.086538 0.325301 0.057692 0.067470
1 0.894231 0.455422 0.173077 0.197590
1 0.739183 0.433735 0.127404 0.178313
1 0.628606 0.446988 0.170673 0.209639
1 0.527644 0.426506 0.132212 0.255422
1 0.379808 0.453012 0.129808 0.187952
1 0.265625 0.454217 0.103365 0.190361
1 0.195913 0.467470 0.093750 0.178313
1 0.079327 0.443373 0.129808 0.168675
2 0.895433 0.544578 0.175481 0.520482
2 0.747596 0.509639 0.149038 0.455422
2 0.628606 0.526506 0.165865 0.489157
2 0.526442 0.477108 0.134615 0.467470
2 0.381010 0.509639 0.127404 0.416867
2 0.270433 0.513253 0.098558 0.438554
2 0.203125 0.561446 0.112981 0.491566
2 0.082933 0.498795 0.132212 0.414458
