0 0.924279 0.276442 0.132212 0.129808
0 0.771635 0.305288 0.081731 0.100962
0 0.668269 0.323317 0.072115 0.079327
0 0.479567 0.317308 0.093750 0.105769
0 0.167067 0.290865 0.108173 0.110577
1 0.891827 0.487981 0.216346 0.298077
1 0.743990 0.466346 0.156250 0.235577
1 0.638221 0.460337 0.122596 0.199519
1 0.468750 0.473558 0.264423 0.201923
1 0.150240 0.453125 0.218750 0.286058
2 0.889423 0.544471 0.211538 0.651442
2 0.747596 0.569712 0.153846 0.625000
2 0.634615 0.558894 0.158654 0.550481
2 0.469952 0.567308 0.271635 0.605769
2 0.131010 0.555288 0.257212 0.639423
