0 0.859375 0.383133 0.064904 0.072289
0 0.694712 0.385542 0.062500 0.067470
0 0.770433 0.407229 0.026442 0.028916
0 0.735577 0.406024 0.028846 0.040964
0 0.651442 0.401205 0.038462 0.045783
0 0.920673 0.387952 0.038462 0.043373
0 0.611779 0.397590 0.031250 0.033735
0 0.558894 0.389157 0.045673 0.055422
0 0.509615 0.387952 0.028846 0.033735
0 0.442308 0.395181 0.043269 0.053012
0 0.395433 0.384337 0.031250 0.040964
0 0.338942 0.390361 0.033654 0.043373
0 0.295673 0.397590 0.048077 0.057831
0 0.140625 0.377108 0.213942 0.224096
1 0.929087 0.455422 0.069712 0.096386
1 0.861779 0.512048 0.146635 0.204819
1 0.691106 0.496386 0.127404 0.173494
1 0.562500 0.479518 0.105769 0.144578
1 0.439904 0.479518 0.100962 0.125301
1 0.192308 0.642169 0.379808 0.383133
2 0.930288 0.500000 0.072115 0.262651
2 0.855769 0.580723 0.158654 0.462651
2 0.688702 0.574699 0.137019 0.445783
2 0.560096 0.527711 0.110577 0.327711
2 0.441106 0.540964 0.098558 0.339759
2 0.192308 0.553012 0.379808 0.571084
