0 0.854567 0.426506 0.084135 0.101205
0 0.717548 0.440964 0.074519 0.081928
0 0.508413 0.434940 0.064904 0.084337
0 0.332933 0.450602 0.055288 0.067470
0 0.257212 0.468675 0.048077 0.055422
0 0.149038 0.475904 0.048077 0.060241
0 0.055288 0.497590 0.033654 0.050602
0 0.028846 0.506024 0.028846 0.038554
1 0.889423 0.587952 0.187500 0.265060
1 0.722356 0.589157 0.156250 0.228916
1 0.524038 0.578313 0.153846 0.240964
1 0.365385 0.572289 0.129808 0.209639
1 0.256010 0.565060 0.103365 0.146988
1 0.164663 0.560241 0.103365 0.132530
1 0.056490 0.568675 0.098558 0.106024
2 0.890625 0.630120 0.189904 0.508434
2 0.710337 0.638554 0.180288 0.472289
2 0.524038 0.634940 0.153846 0.484337
2 0.371394 0.626506 0.122596 0.409639
2 0.257212 0.618072 0.105769 0.349398
2 0.162260 0.613253 0.103365 0.330120
2 0.057692 0.603614 0.100962 0.267470
