0 0.912260 0.387952 0.122596 0.144578
0 0.754808 0.396386 0.096154 0.132530
0 0.645433 0.410843 0.055288 0.069880
0 0.573317 0.374699 0.093750 0.118072
0 0.396635 0.391566 0.086538 0.118072
0 0.235577 0.374699 0.067308 0.089157
0 0.492788 0.432530 0.038462 0.050602
0 0.117788 0.436145 0.057692 0.067470
1 0.901442 0.573494 0.197115 0.255422
1 0.751202 0.555422 0.170673 0.214458
1 0.568510 0.580723 0.233173 0.303614
1 0.403846 0.536145 0.168269 0.214458
1 0.242788 0.508434 0.163462 0.178313
1 0.123798 0.522892 0.093750 0.144578
2 0.901442 0.572289 0.197115 0.513253
2 0.751202 0.580723 0.175481 0.496386
2 0.566106 0.573494 0.237981 0.510843
2 0.346154 0.581928 0.288462 0.498795
2 0.243990 0.580723 0.170673 0.501205
2 0.109375 0.581928 0.127404 0.359036
