0 0.807692 0.485577 0.043269 0.052885
0 0.632212 0.436298 0.062500 0.069712
0 0.551683 0.448317 0.055288 0.064904
0 0.443510 0.468750 0.036058 0.048077
0 0.356971 0.447115 0.045673 0.057692
1 0.814904 0.563702 0.076923 0.122596
1 0.643029 0.539663 0.117788 0.165865
1 0.552885 0.534856 0.091346 0.127404
1 0.449519 0.516827 0.067308 0.072115
1 0.341346 0.531250 0.096154 0.134615
2 0.811298 0.610577 0.088942 0.307692
2 0.645433 0.617788 0.117788 0.432692
2 0.544471 0.603365 0.112981 0.370192
2 0.450721 0.561298 0.069712 0.237981
2 0.338942 0.592548 0.105769 0.343750
