0 0.795673 0.349398 0.177885 0.192771
0 0.699519 0.362651 0.081731 0.166265
0 0.527644 0.391566 0.088942 0.108434
0 0.353365 0.402410 0.081731 0.110843
0 0.253606 0.391566 0.127404 0.151807
0 0.151442 0.426506 0.072115 0.081928
1 0.866587 0.595181 0.262019 0.419277
1 0.555288 0.531325 0.206731 0.214458
1 0.356971 0.589157 0.146635 0.310843
1 0.239183 0.627711 0.223558 0.373494
1 0.115385 0.568675 0.139423 0.231325
2 0.852163 0.539759 0.295673 0.573494
2 0.557692 0.584337 0.211538 0.489157
2 0.371394 0.591566 0.117788 0.484337
2 0.331731 0.574699 0.408654 0.518072
2 0.115385 0.609639 0.139423 0.443373
