0 0.782452 0.397837 0.093750 0.103365
0 0.671875 0.396635 0.069712 0.076923
0 0.598558 0.368990 0.057692 0.074519
0 0.489183 0.393029 0.036058 0.060096
0 0.444712 0.384615 0.062500 0.081731
0 0.405048 0.379808 0.036058 0.072115
0 0.205529 0.372596 0.084135 0.091346
1 0.792067 0.584135 0.156250 0.317308
1 0.697115 0.490385 0.091346 0.144231
1 0.603365 0.451923 0.081731 0.125000
1 0.496394 0.456731 0.060096 0.096154
1 0.431490 0.485577 0.117788 0.163462
1 0.205529 0.479567 0.132212 0.175481
2 0.793269 0.609375 0.153846 0.526442
2 0.687500 0.602163 0.110577 0.487981
2 0.606971 0.548077 0.103365 0.427885
2 0.509615 0.528846 0.081731 0.322115
2 0.439904 0.602163 0.129808 0.512019
2 0.389423 0.545673 0.062500 0.399038
2 0.215144 0.602163 0.146635 0.550481
