4 0.790865 0.400240 0.110577 0.132212
0 0.724760 0.409856 0.031250 0.045673
0 0.668269 0.420673 0.028846 0.033654
0 0.862981 0.402644 0.033654 0.040865
0 0.643029 0.414663 0.026442 0.040865
0 0.598558 0.439904 0.043269 0.062500
0 0.486779 0.407452 0.088942 0.098558
0 0.383413 0.433894 0.069712 0.084135
4 0.207933 0.407452 0.079327 0.093750
1 0.825721 0.555288 0.204327 0.240385
1 0.729567 0.459135 0.060096 0.072115
1 0.668269 0.479567 0.052885 0.084135
1 0.602163 0.507212 0.060096 0.096154
1 0.500000 0.538462 0.134615 0.201923
1 0.379808 0.561298 0.110577 0.180288
1 0.206731 0.531250 0.110577 0.163462
2 0.825721 0.569712 0.204327 0.461538
2 0.728365 0.513221 0.067308 0.252404
2 0.669471 0.513221 0.060096 0.218750
2 0.610577 0.575721 0.096154 0.334135
2 0.498798 0.582933 0.199519 0.444712
2 0.379808 0.602163 0.149038 0.415865
2 0.186298 0.586538 0.213942 0.456731
