4 0.459896 0.257870 0.028125 0.063889
4 0.494271 0.559259 0.068750 0.131481
4 0.264844 0.274074 0.024479 0.053704
4 0.195833 0.227778 0.012500 0.029630
4 0.171615 0.274074 0.021354 0.044444
4 0.098958 0.279167 0.013542 0.034259
3 0.508854 0.752315 0.108333 0.295370
3 0.482552 0.334722 0.033854 0.117593
1 0.474479 0.340278 0.048958 0.108333
3 0.274740 0.348148 0.036979 0.109259
3 0.173698 0.359259 0.044271 0.122222
3 0.199479 0.271759 0.025000 0.065741
3 0.103646 0.330556 0.020833 0.075926
2 0.518490 0.744907 0.136979 0.510185
2 0.472917 0.380556 0.056250 0.312963
2 0.275260 0.382407 0.057813 0.272222
2 0.202344 0.285185 0.030729 0.144444
2 0.174740 0.381944 0.048438 0.262037
2 0.105469 0.353241 0.033854 0.193519
