4 0.666927 0.369907 0.056771 0.104630
4 0.574479 0.290278 0.040625 0.082407
4 0.529687 0.424537 0.061458 0.128704
3 0.670573 0.535185 0.072396 0.214815
3 0.587500 0.400463 0.052083 0.154630
3 0.544010 0.599537 0.089063 0.252778
4 0.238542 0.382407 0.038542 0.085185
3 0.245833 0.508333 0.065625 0.181481
4 0.246875 0.171296 0.009375 0.020370
3 0.248177 0.198611 0.015104 0.039815
4 0.239323 0.257870 0.022396 0.049074
3 0.250781 0.324537 0.032813 0.093519
4 0.203906 0.243981 0.011979 0.028704
3 0.208333 0.280093 0.021875 0.047222
4 0.191927 0.256481 0.018229 0.037037
3 0.196615 0.319444 0.029687 0.087037
3 0.176563 0.286111 0.021875 0.055556
4 0.121615 0.237963 0.011979 0.027778
3 0.126562 0.277315 0.022917 0.060185
4 0.096354 0.263889 0.012500 0.031481
3 0.099479 0.312500 0.019792 0.067593
4 0.057552 0.271296 0.008854 0.022222
3 0.061458 0.308333 0.016667 0.051852
4 0.034635 0.266667 0.008854 0.020370
3 0.035937 0.296759 0.012500 0.039815
4 0.012760 0.309259 0.013021 0.031481
3 0.015625 0.361574 0.021875 0.073148
2 0.661198 0.594907 0.115104 0.552778
2 0.535937 0.679630 0.189583 0.640741
2 0.581771 0.446296 0.064583 0.401852
2 0.252344 0.557870 0.086979 0.432407
2 0.250000 0.209722 0.026042 0.099074
2 0.247396 0.327315 0.039583 0.189815
2 0.200781 0.355093 0.044271 0.232407
2 0.172917 0.316204 0.026042 0.165741
2 0.126302 0.301389 0.029687 0.154630
2 0.101562 0.338889 0.032292 0.181481
2 0.062240 0.322222 0.021354 0.125926
2 0.036979 0.306481 0.017708 0.101852
2 0.018229 0.394907 0.034375 0.200926
