0 0.824289 0.123932 0.082687 0.188034
4 0.622739 0.126068 0.087855 0.183761
4 0.412145 0.209402 0.080103 0.170940
4 0.328165 0.192308 0.077519 0.170940
4 0.122739 0.252137 0.080103 0.153846
3 0.834625 0.337607 0.149871 0.282051
3 0.626615 0.371795 0.167959 0.333333
3 0.421189 0.448718 0.165375 0.341880
3 0.312661 0.420940 0.113695 0.294872
1 0.133075 0.476496 0.136951 0.311966
2 0.843669 0.514957 0.224806 0.970085
2 0.639535 0.517094 0.193798 0.965812
2 0.416021 0.561966 0.242894 0.876068
2 0.307494 0.553419 0.160207 0.893162
2 0.135659 0.587607 0.198966 0.824786
