0 0.909000 0.469697 0.034000 0.052342
0 0.822000 0.471074 0.032000 0.060606
0 0.717000 0.494490 0.034000 0.057851
0 0.821000 0.559229 0.038000 0.071625
0 0.735000 0.585399 0.034000 0.068871
0 0.597000 0.490358 0.038000 0.071625
0 0.582000 0.553719 0.040000 0.066116
0 0.558000 0.626722 0.036000 0.068871
0 0.502000 0.432507 0.036000 0.066116
0 0.434000 0.403581 0.036000 0.063361
0 0.348000 0.347107 0.044000 0.071625
0 0.312000 0.337466 0.040000 0.063361
0 0.452000 0.530303 0.044000 0.079890
0 0.396000 0.588154 0.040000 0.074380
0 0.297000 0.568871 0.046000 0.085399
0 0.217000 0.482094 0.042000 0.071625
0 0.176000 0.538567 0.044000 0.074380
0 0.112000 0.488981 0.048000 0.079890
1 0.910000 0.539945 0.056000 0.093664
1 0.844000 0.663912 0.080000 0.170799
1 0.815000 0.538567 0.066000 0.096419
1 0.739000 0.691460 0.070000 0.154270
1 0.720000 0.556474 0.064000 0.066116
1 0.560000 0.735537 0.072000 0.165289
1 0.574000 0.615702 0.072000 0.085399
1 0.503000 0.513774 0.058000 0.101928
1 0.464000 0.659780 0.076000 0.195592
1 0.331000 0.447658 0.078000 0.151515
1 0.394000 0.695592 0.080000 0.146006
1 0.288000 0.690083 0.092000 0.184573
1 0.218000 0.571625 0.048000 0.129477
1 0.166000 0.647383 0.076000 0.154270
1 0.084000 0.612948 0.084000 0.184573
2 0.908000 0.578512 0.084000 0.264463
2 0.829000 0.746556 0.158000 0.440771
2 0.813000 0.513774 0.090000 0.146006
2 0.747000 0.765840 0.122000 0.424242
2 0.724000 0.531680 0.096000 0.132231
2 0.567000 0.785124 0.118000 0.385675
2 0.577000 0.629477 0.106000 0.212121
2 0.592000 0.516529 0.112000 0.123967
2 0.504000 0.486226 0.084000 0.173554
2 0.428000 0.462810 0.080000 0.181818
2 0.469000 0.723140 0.110000 0.460055
2 0.349000 0.484848 0.158000 0.347107
2 0.392000 0.775482 0.100000 0.449036
2 0.284000 0.761708 0.140000 0.465565
2 0.227000 0.699725 0.094000 0.506887
2 0.165000 0.750689 0.110000 0.498623
2 0.086000 0.719008 0.100000 0.539945
