0 0.844689 0.306306 0.050100 0.096096
0 0.784569 0.304805 0.046092 0.099099
0 0.749499 0.324324 0.040080 0.090090
0 0.688377 0.387387 0.038076 0.090090
0 0.695391 0.337838 0.044088 0.063063
0 0.658317 0.367868 0.034068 0.081081
0 0.461924 0.354354 0.042084 0.090090
0 0.419840 0.351351 0.046092 0.090090
0 0.358717 0.319820 0.040080 0.081081
0 0.332665 0.342342 0.040080 0.084084
0 0.287575 0.346847 0.054108 0.099099
0 0.210421 0.330330 0.064128 0.096096
0 0.139279 0.318318 0.058116 0.102102
1 0.861723 0.433934 0.088176 0.201201
1 0.800601 0.448949 0.066132 0.231231
1 0.758517 0.469970 0.054108 0.225225
1 0.703407 0.513514 0.088176 0.174174
1 0.652305 0.496997 0.062124 0.177177
1 0.425852 0.506006 0.102204 0.231231
1 0.356713 0.466967 0.048096 0.195195
1 0.283567 0.475976 0.102204 0.189189
1 0.188377 0.468468 0.100200 0.210210
1 0.090180 0.454955 0.100200 0.237237
2 0.851703 0.575075 0.132265 0.633634
2 0.799599 0.560060 0.072144 0.603604
2 0.753507 0.564565 0.072144 0.570571
2 0.707415 0.603604 0.136273 0.522523
2 0.403808 0.585586 0.134269 0.558559
2 0.282565 0.585586 0.112224 0.570571
2 0.185371 0.579580 0.110220 0.588589
2 0.093186 0.561562 0.162325 0.588589
