0 0.702405 0.145646 0.054108 0.105105
0 0.514028 0.190691 0.062124 0.105105
0 0.379760 0.159159 0.062124 0.126126
0 0.716433 0.466967 0.066132 0.129129
0 0.530060 0.518018 0.062124 0.111111
0 0.408818 0.438438 0.064128 0.120120
0 0.255511 0.456456 0.062124 0.132132
1 0.716433 0.316817 0.106212 0.231231
1 0.545090 0.334835 0.112224 0.213213
1 0.383768 0.327327 0.106212 0.222222
1 0.761523 0.581081 0.160321 0.177177
1 0.542084 0.648649 0.086172 0.186186
1 0.405812 0.587087 0.110220 0.219219
1 0.225451 0.588589 0.138277 0.216216
2 0.712425 0.376877 0.138277 0.567568
2 0.565130 0.462462 0.180361 0.648649
2 0.384770 0.294294 0.168337 0.390390
2 0.742485 0.629129 0.214429 0.453453
2 0.520040 0.644144 0.158317 0.405405
2 0.390782 0.603604 0.148297 0.450450
2 0.237475 0.612613 0.174349 0.450450
