2 0.869739 0.540541 0.192385 0.756757
2 0.784569 0.496997 0.086172 0.567568
2 0.708417 0.375375 0.090180 0.318318
2 0.691383 0.615616 0.096192 0.342342
2 0.559118 0.641141 0.188377 0.381381
2 0.432866 0.660661 0.160321 0.432432
2 0.319639 0.639640 0.130261 0.366366
2 0.242485 0.525526 0.088176 0.204204
2 0.168337 0.677177 0.192385 0.441441
2 0.652305 0.306306 0.046092 0.228228
2 0.614228 0.364865 0.062124 0.135135
2 0.562124 0.367868 0.046092 0.129129
2 0.580160 0.255255 0.086172 0.150150
2 0.506012 0.288288 0.078156 0.174174
2 0.489980 0.370871 0.050100 0.135135
2 0.423848 0.312312 0.082164 0.210210
2 0.323647 0.306306 0.054108 0.216216
2 0.260521 0.318318 0.084168 0.264264
2 0.201403 0.328829 0.098196 0.267267
2 0.108216 0.512012 0.152305 0.681682