0 0.887000 0.173973 0.078000 0.106849
0 0.664000 0.245205 0.060000 0.090411
0 0.507000 0.263014 0.082000 0.131507
0 0.314000 0.267123 0.032000 0.041096
0 0.191000 0.241096 0.022000 0.027397
0 0.142000 0.258904 0.076000 0.112329
1 0.881000 0.390411 0.230000 0.336986
1 0.662000 0.384932 0.128000 0.194521
1 0.510000 0.453425 0.172000 0.254795
1 0.123000 0.471233 0.206000 0.317808
1 0.304000 0.349315 0.048000 0.117808
1 0.194000 0.293151 0.044000 0.071233
2 0.883000 0.508219 0.234000 0.769863
2 0.651000 0.482192 0.154000 0.558904
2 0.499000 0.569863 0.198000 0.739726
2 0.124000 0.553425 0.208000 0.695890
2 0.304000 0.373973 0.052000 0.254795
2 0.204000 0.298630 0.060000 0.142466
