4 0.903000 0.427928 0.054000 0.069069
4 0.817000 0.433934 0.054000 0.063063
4 0.702000 0.433934 0.148000 0.207207
4 0.543000 0.411411 0.086000 0.144144
4 0.423000 0.399399 0.110000 0.180180
4 0.310000 0.444444 0.076000 0.114114
4 0.175000 0.384384 0.094000 0.162162
4 0.495000 0.447447 0.058000 0.084084
3 0.912000 0.540541 0.092000 0.162162
3 0.829000 0.539039 0.054000 0.147147
3 0.728000 0.809309 0.184000 0.381381
3 0.582000 0.633634 0.084000 0.330330
3 0.476000 0.680180 0.152000 0.429429
3 0.328000 0.650150 0.112000 0.279279
3 0.195000 0.657658 0.198000 0.396396
2 0.921000 0.626126 0.114000 0.459459
2 0.823000 0.516517 0.070000 0.228228
2 0.725000 0.663664 0.190000 0.672673
2 0.567000 0.669670 0.134000 0.660661
2 0.460000 0.654655 0.184000 0.684685
2 0.327000 0.693694 0.110000 0.612613
2 0.165000 0.651652 0.258000 0.696697
