4 0.957000 0.486667 0.074000 0.114667
4 0.871000 0.476000 0.070000 0.125333
4 0.759000 0.437333 0.070000 0.117333
4 0.682000 0.210667 0.052000 0.096000
4 0.669000 0.461333 0.062000 0.096000
4 0.622000 0.320000 0.056000 0.096000
4 0.556000 0.242667 0.056000 0.101333
4 0.495000 0.392000 0.062000 0.112000
4 0.474000 0.308000 0.048000 0.082667
4 0.343000 0.286667 0.050000 0.093333
4 0.381000 0.433333 0.054000 0.114667
4 0.395000 0.369333 0.054000 0.072000
4 0.341000 0.468000 0.046000 0.093333
4 0.269000 0.300000 0.054000 0.098667
4 0.254000 0.426667 0.056000 0.085333
4 0.138000 0.449333 0.060000 0.109333
4 0.026000 0.450667 0.048000 0.101333
3 0.952000 0.657333 0.092000 0.226667
3 0.868000 0.660000 0.104000 0.269333
3 0.687000 0.364000 0.098000 0.194667
3 0.759000 0.606667 0.114000 0.237333
3 0.667000 0.610667 0.090000 0.234667
3 0.630000 0.430667 0.104000 0.125333
3 0.548000 0.368000 0.100000 0.170667
3 0.504000 0.554667 0.124000 0.234667
3 0.456000 0.402667 0.052000 0.101333
3 0.378000 0.605333 0.116000 0.234667
3 0.331000 0.377333 0.058000 0.093333
3 0.274000 0.409333 0.108000 0.125333
3 0.250000 0.576000 0.104000 0.224000
3 0.152000 0.594667 0.128000 0.202667
3 0.043000 0.616000 0.082000 0.218667
2 0.953000 0.716000 0.094000 0.568000
2 0.875000 0.705333 0.118000 0.589333
2 0.764000 0.689333 0.132000 0.616000
2 0.698000 0.336000 0.120000 0.341333
2 0.651000 0.698667 0.122000 0.565333
2 0.629000 0.416000 0.118000 0.282667
2 0.551000 0.325333 0.102000 0.261333
2 0.508000 0.665333 0.144000 0.658667
2 0.375000 0.688000 0.154000 0.624000
2 0.274000 0.389333 0.128000 0.288000
2 0.254000 0.674667 0.116000 0.576000
2 0.150000 0.696000 0.164000 0.608000
2 0.042000 0.701333 0.080000 0.597333
