4 0.974515 0.068000 0.050971 0.060000
4 0.944175 0.033000 0.067961 0.062000
4 0.700243 0.068000 0.070388 0.060000
4 0.268204 0.072000 0.060680 0.068000
4 0.078883 0.086000 0.065534 0.064000
0 0.552184 0.038000 0.031553 0.028000
0 0.182039 0.073000 0.033981 0.038000
1 0.553398 0.086000 0.063107 0.076000
2 0.546117 0.116000 0.082524 0.184000
3 0.945388 0.164000 0.109223 0.124000
3 0.675971 0.154000 0.089806 0.124000
3 0.918689 0.105000 0.094660 0.066000
2 0.941748 0.174000 0.116505 0.272000
2 0.923544 0.073000 0.109223 0.142000
2 0.696602 0.191000 0.131068 0.306000
3 0.286408 0.164000 0.165049 0.144000
2 0.286408 0.205000 0.165049 0.334000
3 0.070388 0.184000 0.101942 0.136000
2 0.077670 0.233000 0.121359 0.358000
1 0.190534 0.142000 0.050971 0.096000
2 0.185680 0.173000 0.065534 0.242000
