4 0.773750 0.477778 0.040833 0.071111
4 0.902500 0.541667 0.048333 0.065556
4 0.823333 0.549444 0.051667 0.070000
4 0.691250 0.542778 0.049167 0.074444
4 0.591250 0.529444 0.045833 0.072222
4 0.490417 0.548889 0.054167 0.080000
4 0.402917 0.545000 0.042500 0.072222
4 0.314583 0.536111 0.047500 0.078889
4 0.243333 0.552222 0.045000 0.080000
4 0.182917 0.546111 0.054167 0.072222
4 0.073333 0.535000 0.051667 0.076667
3 0.983750 0.645000 0.032500 0.107778
3 0.905417 0.633889 0.085833 0.132222
1 0.767917 0.576111 0.072500 0.138889
3 0.820833 0.655000 0.081667 0.138889
3 0.696667 0.624444 0.076667 0.122222
3 0.592500 0.621667 0.075000 0.123333
3 0.509583 0.642222 0.080833 0.120000
3 0.402917 0.645000 0.077500 0.130000
1 0.317500 0.643889 0.073333 0.136667
3 0.245833 0.651111 0.070000 0.133333
3 0.176250 0.643889 0.070833 0.121111
3 0.074167 0.626667 0.090000 0.115556
2 0.980000 0.684444 0.040000 0.302222
2 0.914583 0.707222 0.109167 0.394444
2 0.826250 0.712222 0.099167 0.395556
2 0.762500 0.640000 0.091667 0.395556
2 0.693333 0.708333 0.105000 0.401111
2 0.596250 0.702778 0.095833 0.416667
2 0.500833 0.710000 0.098333 0.402222
2 0.404167 0.717222 0.096667 0.418889
2 0.317500 0.714444 0.086667 0.431111
2 0.245417 0.719444 0.069167 0.416667
2 0.167917 0.718889 0.097500 0.417778
2 0.076667 0.714444 0.110000 0.431111
