4 0.965625 0.391250 0.038750 0.052500
4 0.902188 0.391667 0.034375 0.056667
4 0.871875 0.396250 0.027500 0.047500
4 0.839063 0.376667 0.036875 0.068333
4 0.936562 0.404167 0.025625 0.035000
4 0.657188 0.370000 0.033125 0.058333
4 0.608750 0.356250 0.033750 0.060833
4 0.578438 0.386250 0.031875 0.060833
4 0.547813 0.358750 0.029375 0.055833
4 0.532188 0.379583 0.030625 0.052500
4 0.509062 0.357917 0.033125 0.070833
4 0.465000 0.361250 0.030000 0.060833
4 0.436250 0.370833 0.035000 0.066667
4 0.403125 0.350833 0.022500 0.053333
4 0.382188 0.339167 0.028125 0.065000
4 0.352500 0.338333 0.033750 0.073333
4 0.302187 0.325000 0.033125 0.071667
4 0.273750 0.349167 0.041250 0.066667
4 0.229063 0.343333 0.038125 0.068333
4 0.179063 0.341250 0.041875 0.064167
4 0.146563 0.323333 0.020625 0.056667
4 0.111875 0.314583 0.041250 0.069167
4 0.060000 0.320000 0.038750 0.060000
4 0.012188 0.307500 0.023125 0.073333
3 0.956562 0.470833 0.058125 0.108333
3 0.895625 0.474583 0.071250 0.112500
3 0.633437 0.455000 0.025625 0.111667
3 0.574375 0.474167 0.065000 0.123333
3 0.504687 0.447083 0.063125 0.120833
3 0.434688 0.458750 0.065625 0.132500
3 0.351250 0.433333 0.068750 0.128333
3 0.270625 0.445000 0.075000 0.136667
3 0.178750 0.439583 0.072500 0.139167
3 0.111562 0.409167 0.080625 0.135000
3 0.023438 0.406250 0.045625 0.125833
2 0.957500 0.515833 0.068750 0.303333
2 0.892500 0.520417 0.086250 0.315833
2 0.838437 0.510417 0.061875 0.339167
2 0.644687 0.505833 0.065625 0.335000
2 0.583750 0.513333 0.083750 0.315000
2 0.502188 0.496250 0.083125 0.350833
2 0.431875 0.503333 0.073750 0.330000
2 0.347813 0.487083 0.086875 0.367500
2 0.267813 0.492917 0.098125 0.352500
2 0.178437 0.485000 0.091875 0.351667
2 0.102188 0.470417 0.100625 0.379167
2 0.028125 0.463333 0.055000 0.386667
0 0.752812 0.275417 0.093125 0.139167
1 0.731250 0.517917 0.208750 0.339167
2 0.730625 0.602083 0.201250 0.795833
