4 0.767500 0.230000 0.075000 0.124444
4 0.588750 0.263889 0.060833 0.105556
4 0.481250 0.249444 0.052500 0.096667
4 0.402917 0.291111 0.050833 0.080000
4 0.246667 0.245000 0.131667 0.214444
3 0.777083 0.400556 0.120833 0.230000
3 0.604167 0.403889 0.098333 0.203333
3 0.492917 0.376667 0.087500 0.175556
3 0.414583 0.406111 0.077500 0.154444
3 0.253333 0.571111 0.238333 0.486667
2 0.776667 0.488333 0.151667 0.638889
2 0.610417 0.485000 0.117500 0.552222
2 0.497083 0.455000 0.104167 0.507778
2 0.414583 0.468333 0.089167 0.434444
2 0.291250 0.568333 0.319167 0.863333
