0 0.874638 0.352174 0.053623 0.091304
0 0.802174 0.252174 0.062319 0.104348
0 0.742029 0.318478 0.049275 0.089130
0 0.642754 0.263043 0.059420 0.113043
0 0.551449 0.308696 0.053623 0.100000
0 0.455797 0.229348 0.059420 0.106522
0 0.357971 0.238043 0.060870 0.110870
0 0.230435 0.240217 0.072464 0.123913
0 0.147101 0.295652 0.079710 0.143478
1 0.884058 0.486957 0.069565 0.178261
1 0.805072 0.434783 0.094203 0.252174
1 0.742754 0.447826 0.108696 0.160870
1 0.636232 0.445652 0.098551 0.256522
1 0.555797 0.458696 0.088406 0.191304
1 0.452899 0.427174 0.126087 0.289130
1 0.344203 0.432609 0.131884 0.304348
1 0.226087 0.457609 0.118841 0.328261
1 0.155072 0.495652 0.095652 0.295652
2 0.881884 0.586957 0.079710 0.560870
2 0.810870 0.539130 0.108696 0.678261
2 0.740580 0.582609 0.110145 0.617391
2 0.652174 0.556522 0.130435 0.700000
2 0.568116 0.591304 0.136232 0.669565
2 0.450000 0.563043 0.117391 0.773913
2 0.346377 0.572826 0.136232 0.789130
2 0.236957 0.584783 0.131884 0.813043
2 0.154348 0.610870 0.100000 0.773913
