1 0.840741 0.383333 0.074074 0.087654
1 0.868519 0.347531 0.051852 0.080247
1 0.555093 0.350000 0.045370 0.085185
2 0.906019 0.661728 0.187963 0.390123
2 0.643981 0.496296 0.087963 0.182716
2 0.566204 0.469753 0.075000 0.161728
2 0.474537 0.467901 0.076852 0.160494
2 0.387037 0.483951 0.075926 0.160494
2 0.101389 0.581481 0.163889 0.358025
0 0.898611 0.656790 0.202778 0.683951
0 0.762037 0.584568 0.150000 0.648148
0 0.645370 0.555556 0.087037 0.444444
0 0.554630 0.532099 0.098148 0.446914
0 0.469444 0.528395 0.087037 0.404938
0 0.387963 0.538889 0.105556 0.408642
0 0.102315 0.628395 0.165741 0.740741
