4 0.934964 0.412763 0.048907 0.101777
4 0.879813 0.391761 0.050989 0.088853
4 0.804370 0.387722 0.072841 0.119548
4 0.729969 0.356220 0.040583 0.079160
4 0.668574 0.388530 0.038502 0.069467
4 0.630073 0.373183 0.048907 0.090468
4 0.600416 0.404685 0.027055 0.069467
4 0.578044 0.398223 0.030177 0.059774
4 0.521332 0.398223 0.033299 0.072698
4 0.489074 0.407916 0.039542 0.079160
4 0.460458 0.397415 0.028096 0.061389
4 0.422477 0.389338 0.041623 0.071082
4 0.360042 0.394992 0.056191 0.105008
4 0.332466 0.372375 0.030177 0.079160
4 0.096774 0.390953 0.066597 0.113086
3 0.956816 0.522617 0.082206 0.169628
3 0.888658 0.534733 0.093652 0.197092
3 0.801769 0.564620 0.103018 0.253635
3 0.727888 0.468498 0.065557 0.155089
3 0.626951 0.505654 0.067638 0.174475
3 0.498439 0.510501 0.070760 0.145396
3 0.416233 0.495961 0.064516 0.148627
3 0.353278 0.512924 0.067638 0.153473
3 0.100416 0.567044 0.117586 0.264943
0 0.040583 0.382068 0.047867 0.092084
1 0.042144 0.502423 0.082206 0.138934
2 0.953694 0.512116 0.086368 0.290792
2 0.883975 0.605008 0.105099 0.515347
2 0.795005 0.624394 0.118626 0.592892
2 0.726847 0.504039 0.084287 0.371567
2 0.634755 0.528271 0.083247 0.403877
2 0.497399 0.476575 0.077003 0.226171
2 0.415713 0.464459 0.071800 0.227787
2 0.354318 0.464459 0.067638 0.247173
2 0.144121 0.668821 0.209157 0.662359
2 0.041623 0.608239 0.081165 0.544426
