4 0.960000 0.224044 0.080000 0.180328
4 0.675455 0.337432 0.172727 0.275956
4 0.573636 0.312842 0.049091 0.122951
4 0.514545 0.303279 0.076364 0.153005
4 0.436364 0.356557 0.065455 0.133880
4 0.378182 0.325137 0.050909 0.114754
4 0.324545 0.303279 0.070909 0.136612
4 0.272727 0.295082 0.032727 0.109290
4 0.240909 0.278689 0.060000 0.136612
4 0.196364 0.310109 0.083636 0.172131
4 0.133636 0.357923 0.060000 0.098361
3 0.838182 0.632514 0.323636 0.734973
3 0.529091 0.495902 0.127273 0.281421
3 0.418182 0.527322 0.072727 0.240437
3 0.317273 0.486339 0.121818 0.229508
3 0.180909 0.516393 0.121818 0.289617
2 0.684545 0.599727 0.630909 0.800546
2 0.539091 0.525956 0.172727 0.603825
2 0.428182 0.504098 0.081818 0.428962
2 0.321818 0.505464 0.138182 0.535519
2 0.170000 0.513661 0.165455 0.579235
