2 0.790000 0.380000 0.180000 0.280000
2 0.693333 0.235000 0.140000 0.123333
2 0.596667 0.401667 0.173333 0.283333
2 0.420000 0.396667 0.166667 0.280000
2 0.308333 0.338333 0.150000 0.263333
2 0.206667 0.403333 0.193333 0.286667
2 0.678333 0.681667 0.183333 0.136667
2 0.493333 0.696667 0.180000 0.206667
2 0.321667 0.703333 0.196667 0.180000
0 0.800000 0.488333 0.200000 0.730000
0 0.695000 0.170000 0.143333 0.260000
0 0.605000 0.385000 0.203333 0.483333
0 0.685000 0.710000 0.190000 0.440000
0 0.498333 0.705000 0.176667 0.436667
0 0.318333 0.720000 0.196667 0.426667
0 0.308333 0.356667 0.150000 0.540000
0 0.203333 0.506667 0.213333 0.733333
