1 0.898611 0.383333 0.095370 0.161728
1 0.813889 0.417284 0.125926 0.162963
1 0.639815 0.382099 0.098148 0.141975
1 0.215741 0.349383 0.114815 0.172840
2 0.936111 0.606790 0.100000 0.314815
2 0.823611 0.661728 0.160185 0.355556
2 0.660185 0.566667 0.129630 0.264198
2 0.184259 0.571605 0.190741 0.303704
0 0.924537 0.652469 0.149074 0.695062
0 0.796759 0.668519 0.213889 0.662963
0 0.674537 0.655556 0.169444 0.688889
0 0.506481 0.675926 0.159259 0.638272
0 0.358333 0.670988 0.155556 0.658025
0 0.185185 0.632716 0.192593 0.734568
