1 0.948148 0.424691 0.040741 0.054321
1 0.897222 0.434568 0.035185 0.049383
1 0.847685 0.427160 0.032407 0.044444
1 0.819444 0.427160 0.027778 0.044444
1 0.785185 0.413580 0.025926 0.039506
1 0.762500 0.412963 0.023148 0.040741
1 0.742593 0.434568 0.020370 0.037037
1 0.723148 0.424074 0.020370 0.033333
1 0.705093 0.440123 0.019444 0.033333
1 0.687037 0.441358 0.018519 0.030864
1 0.665741 0.438889 0.018519 0.030864
1 0.651852 0.430864 0.014815 0.027160
1 0.628704 0.433333 0.016667 0.029630
1 0.609722 0.432716 0.013889 0.023457
2 0.946296 0.511728 0.050000 0.112346
2 0.898148 0.506173 0.057407 0.106173
2 0.847685 0.495679 0.043519 0.092593
2 0.816204 0.490741 0.037963 0.085185
2 0.783796 0.472222 0.037963 0.075309
2 0.761111 0.468519 0.027778 0.070370
2 0.738889 0.483333 0.024074 0.070370
2 0.723148 0.476543 0.025926 0.066667
2 0.703241 0.487654 0.021296 0.066667
2 0.684259 0.488272 0.022222 0.060494
2 0.664815 0.480247 0.024074 0.059259
2 0.650463 0.473457 0.019444 0.055556
2 0.631944 0.469753 0.021296 0.055556
2 0.613426 0.466667 0.013889 0.049383
2 0.599074 0.464815 0.011111 0.053086
0 0.952778 0.548765 0.066667 0.302469
0 0.898148 0.543210 0.055556 0.264198
0 0.843056 0.532099 0.050926 0.254321
0 0.812963 0.525926 0.040741 0.239506
0 0.784722 0.510494 0.043519 0.233333
0 0.759722 0.506790 0.030556 0.225926
0 0.743056 0.511728 0.028704 0.191358
0 0.722685 0.504321 0.026852 0.193827
0 0.703704 0.508642 0.022222 0.170370
0 0.685648 0.507407 0.026852 0.162963
0 0.663889 0.501235 0.024074 0.153086
0 0.649074 0.496296 0.020370 0.155556
0 0.631944 0.493210 0.025000 0.149383
0 0.612963 0.491358 0.020370 0.143210
