1 0.821759 0.709877 0.043519 0.061728
1 0.717130 0.737654 0.034259 0.048148
1 0.485648 0.679630 0.025000 0.043210
1 0.383796 0.680247 0.023148 0.041975
1 0.302778 0.657407 0.050000 0.077778
2 0.847222 0.776543 0.055556 0.118519
2 0.685648 0.764815 0.049074 0.087654
2 0.477778 0.732716 0.037037 0.075309
2 0.382870 0.706173 0.032407 0.037037
2 0.269444 0.764198 0.077778 0.160494
0 0.844444 0.836420 0.090741 0.314815
0 0.693981 0.816667 0.082407 0.206173
0 0.477778 0.760494 0.046296 0.204938
0 0.281481 0.809259 0.101852 0.381481
