1 0.564545 0.438525 0.085455 0.155738
1 0.499091 0.445355 0.063636 0.114754
1 0.322727 0.491803 0.081818 0.142077
1 0.251818 0.513661 0.114545 0.180328
1 0.116364 0.500000 0.094545 0.147541
1 0.146364 0.428962 0.052727 0.081967
1 0.095455 0.422131 0.060000 0.062842
2 0.745455 0.669399 0.130909 0.316940
2 0.567273 0.676230 0.152727 0.346995
2 0.652727 0.706284 0.047273 0.237705
2 0.471818 0.603825 0.063636 0.213115
2 0.261818 0.799180 0.207273 0.401639
2 0.113636 0.750000 0.143636 0.336066
0 0.743636 0.659836 0.130909 0.489071
0 0.573636 0.680328 0.194545 0.639344
0 0.488182 0.691257 0.100000 0.612022
0 0.265455 0.711749 0.207273 0.576503
0 0.113636 0.713115 0.140000 0.573770
