4 0.591805 0.324528 0.050830 0.101887
4 0.807054 0.759434 0.060166 0.107547
4 0.482365 0.386792 0.043568 0.094340
4 0.254668 0.316038 0.052905 0.111321
4 0.140041 0.333019 0.049793 0.107547
3 0.834025 0.896226 0.097510 0.207547
3 0.537863 0.433019 0.102697 0.224528
3 0.463174 0.507547 0.081950 0.192453
3 0.259855 0.449057 0.067427 0.215094
1 0.134855 0.474528 0.070539 0.190566
2 0.820021 0.850943 0.162863 0.298113
2 0.552386 0.528302 0.133817 0.509434
2 0.463174 0.558491 0.081950 0.433962
2 0.265560 0.517925 0.139004 0.518868
2 0.135373 0.529245 0.090249 0.496226
