1 0.973437 0.352227 0.053125 0.109312
1 0.788281 0.349190 0.070312 0.095142
1 0.603906 0.306680 0.085938 0.131579
1 0.325781 0.292510 0.064062 0.131579
1 0.279687 0.316802 0.087500 0.147773
1 0.089063 0.278340 0.096875 0.155870
1 0.058594 0.479757 0.114062 0.121457
2 0.909375 0.475709 0.140625 0.214575
2 0.735938 0.438259 0.134375 0.200405
2 0.549219 0.479757 0.139063 0.291498
2 0.343750 0.452429 0.106250 0.248988
2 0.939844 0.174089 0.079687 0.141700
2 0.264844 0.508097 0.129688 0.303644
2 0.129688 0.475709 0.184375 0.303644
2 0.103125 0.718623 0.203125 0.380567
0 0.933594 0.169028 0.132812 0.248988
0 0.920312 0.439271 0.159375 0.287449
0 0.727344 0.431174 0.192188 0.259109
0 0.593750 0.465587 0.231250 0.445344
0 0.347656 0.500000 0.104688 0.542510
0 0.325000 0.623482 0.250000 0.753036
0 0.129688 0.602227 0.256250 0.795547
0 0.102344 0.710526 0.201563 0.578947
