1 0.289663 0.304087 0.040865 0.055288
1 0.479567 0.331731 0.079327 0.081731
1 0.546875 0.335337 0.064904 0.079327
1 0.633413 0.318510 0.060096 0.064904
1 0.665865 0.278846 0.086538 0.110577
1 0.715144 0.310096 0.050481 0.048077
1 0.771635 0.301683 0.081731 0.088942
1 0.819712 0.292067 0.033654 0.064904
1 0.853365 0.302885 0.057692 0.072115
1 0.893029 0.288462 0.040865 0.052885
2 0.480769 0.466346 0.100962 0.192308
2 0.685096 0.427885 0.120192 0.221154
2 0.776442 0.429087 0.086538 0.180288
0 0.670673 0.512019 0.144231 0.572115
0 0.760817 0.497596 0.108173 0.480769
0 0.555288 0.493990 0.086538 0.396635
0 0.468750 0.514423 0.120192 0.447115
0 0.289663 0.423077 0.103365 0.293269
