0 0.881010 0.421687 0.084135 0.091566
0 0.766827 0.413253 0.062500 0.069880
0 0.652644 0.415663 0.060096 0.074699
0 0.591346 0.426506 0.043269 0.062651
0 0.534856 0.428916 0.060096 0.067470
0 0.401442 0.427711 0.043269 0.045783
0 0.353365 0.430120 0.038462 0.055422
0 0.312500 0.420482 0.052885 0.060241
0 0.187500 0.439759 0.052885 0.069880
0 0.268029 0.442169 0.045673 0.055422
0 0.027644 0.466265 0.050481 0.069880
0 0.966346 0.414458 0.038462 0.038554
1 0.960337 0.475904 0.055288 0.084337
1 0.849760 0.524096 0.108173 0.171084
1 0.774038 0.497590 0.100962 0.127711
1 0.669471 0.503614 0.132212 0.130120
1 0.587740 0.501205 0.079327 0.106024
1 0.516827 0.538554 0.091346 0.180723
1 0.411058 0.483133 0.052885 0.084337
1 0.361779 0.502410 0.055288 0.103614
1 0.307692 0.520482 0.105769 0.139759
1 0.199519 0.526506 0.139423 0.127711
1 0.049279 0.559036 0.093750 0.130120
2 0.961538 0.486747 0.057692 0.178313
2 0.888221 0.577108 0.185096 0.397590
2 0.770433 0.577108 0.079327 0.397590
2 0.670673 0.579518 0.149038 0.397590
2 0.582933 0.575904 0.088942 0.361446
2 0.520433 0.587952 0.098558 0.380723
2 0.417067 0.542169 0.060096 0.269880
2 0.375000 0.571084 0.086538 0.342169
2 0.314904 0.587952 0.125000 0.390361
2 0.200721 0.596386 0.137019 0.378313
2 0.056490 0.608434 0.108173 0.349398
