4 0.981971 0.442308 0.036058 0.062500
4 0.915865 0.420673 0.043269 0.062500
0 0.677885 0.429087 0.052885 0.064904
0 0.608173 0.451923 0.038462 0.052885
0 0.652644 0.478365 0.055288 0.057692
0 0.451923 0.450721 0.033654 0.045673
0 0.526442 0.431490 0.057692 0.074519
0 0.402644 0.439904 0.064904 0.072115
0 0.326923 0.456731 0.033654 0.048077
0 0.258413 0.453125 0.050481 0.069712
0 0.164663 0.466346 0.040865 0.038462
0 0.109375 0.468750 0.060096 0.067308
1 0.967548 0.533654 0.064904 0.125000
1 0.911058 0.507212 0.096154 0.110577
1 0.707933 0.534856 0.069712 0.151442
1 0.655048 0.576923 0.127404 0.139423
1 0.534856 0.552885 0.151442 0.192308
1 0.409856 0.551683 0.117788 0.175481
1 0.332933 0.521635 0.060096 0.091346
1 0.263221 0.555288 0.141827 0.149038
1 0.115385 0.575721 0.120192 0.146635
2 0.967548 0.572115 0.064904 0.322115
2 0.913462 0.551683 0.096154 0.319712
2 0.656250 0.640625 0.125000 0.382212
2 0.534856 0.615385 0.141827 0.432692
2 0.419471 0.617788 0.132212 0.423077
2 0.260817 0.620192 0.151442 0.403846
2 0.112981 0.634615 0.129808 0.394231
