0 0.905048 0.440964 0.112981 0.120482
0 0.663462 0.457831 0.067308 0.086747
0 0.478365 0.443373 0.052885 0.062651
0 0.320913 0.446988 0.055288 0.065060
0 0.064904 0.430120 0.072115 0.079518
1 0.890625 0.637349 0.218750 0.306024
1 0.656250 0.574699 0.153846 0.200000
1 0.484375 0.538554 0.122596 0.156627
1 0.323317 0.532530 0.127404 0.139759
1 0.092548 0.536145 0.180288 0.161446
2 0.829327 0.606024 0.341346 0.450602
2 0.609375 0.625301 0.252404 0.416867
2 0.484375 0.577108 0.122596 0.325301
2 0.338942 0.595181 0.158654 0.356627
2 0.120192 0.592771 0.235577 0.400000
