0 0.945913 0.359375 0.060096 0.093750
0 0.840144 0.256010 0.050481 0.064904
0 0.764423 0.234375 0.043269 0.055288
0 0.837740 0.322115 0.050481 0.062500
0 0.764423 0.293269 0.062500 0.081731
0 0.808894 0.390625 0.060096 0.060096
0 0.665865 0.283654 0.052885 0.062500
0 0.612981 0.284856 0.057692 0.074519
0 0.545673 0.235577 0.019231 0.024038
0 0.581731 0.227163 0.019231 0.026442
0 0.501202 0.283654 0.050481 0.067308
0 0.477163 0.334135 0.055288 0.072115
0 0.429087 0.263221 0.045673 0.064904
0 0.364183 0.306490 0.055288 0.079327
0 0.306490 0.326923 0.060096 0.076923
0 0.225962 0.270433 0.052885 0.069712
0 0.182692 0.322115 0.062500 0.081731
0 0.062500 0.359375 0.067308 0.079327
1 0.944712 0.456731 0.110577 0.139423
1 0.816106 0.501202 0.146635 0.209135
1 0.775240 0.419471 0.127404 0.204327
1 0.622596 0.365385 0.125000 0.120192
1 0.501202 0.431490 0.122596 0.161058
1 0.432692 0.340144 0.091346 0.127404
1 0.550481 0.271635 0.038462 0.048077
1 0.370192 0.390625 0.100962 0.122596
1 0.306490 0.413462 0.103365 0.115385
1 0.235577 0.372596 0.072115 0.153846
1 0.181490 0.409856 0.141827 0.127404
1 0.057692 0.461538 0.110577 0.125000
2 0.935096 0.557692 0.129808 0.490385
2 0.798077 0.594952 0.182692 0.468750
2 0.745192 0.503606 0.187500 0.497596
2 0.680288 0.449519 0.081731 0.394231
2 0.618990 0.472356 0.127404 0.444712
2 0.503606 0.510817 0.127404 0.425481
2 0.430288 0.395433 0.086538 0.329327
2 0.371394 0.489183 0.098558 0.449519
2 0.312500 0.510817 0.115385 0.439904
2 0.233173 0.431490 0.076923 0.391827
2 0.180288 0.506010 0.139423 0.439904
2 0.057692 0.546875 0.110577 0.454327
