1 0.921875 0.448193 0.036058 0.043373
1 0.579327 0.366265 0.057692 0.067470
1 0.417067 0.357831 0.060096 0.079518
1 0.250000 0.362651 0.067308 0.069880
1 0.149038 0.322892 0.086538 0.096386
0 0.924279 0.542169 0.084135 0.226506
0 0.824519 0.536145 0.076923 0.190361
0 0.710337 0.534940 0.079327 0.207229
0 0.647837 0.532530 0.050481 0.207229
0 0.576923 0.532530 0.115385 0.395181
0 0.412260 0.533735 0.122596 0.421687
0 0.243990 0.545783 0.112981 0.436145
0 0.144231 0.568675 0.134615 0.583133
0 0.058894 0.568675 0.112981 0.501205
