4 0.853365 0.321687 0.158654 0.185542
4 0.669471 0.440964 0.040865 0.062651
4 0.606971 0.407229 0.064904 0.091566
4 0.549279 0.443373 0.036058 0.048193
4 0.480769 0.432530 0.052885 0.074699
4 0.375000 0.430120 0.043269 0.055422
4 0.282452 0.420482 0.055288 0.079518
4 0.230769 0.433735 0.038462 0.057831
4 0.152644 0.422892 0.045673 0.069880
4 0.098558 0.425301 0.052885 0.069880
4 0.042067 0.410843 0.074519 0.093976
3 0.864183 0.555422 0.252404 0.378313
3 0.681490 0.503614 0.050481 0.086747
3 0.603365 0.514458 0.105769 0.122892
3 0.478365 0.510843 0.076923 0.110843
3 0.388221 0.496386 0.069712 0.096386
3 0.284856 0.512048 0.093750 0.122892
3 0.152644 0.498795 0.074519 0.096386
3 0.057692 0.525301 0.110577 0.144578
2 0.862981 0.533735 0.274038 0.604819
2 0.683894 0.553012 0.079327 0.281928
2 0.600962 0.592771 0.149038 0.457831
2 0.479567 0.583133 0.112981 0.371084
2 0.387019 0.538554 0.072115 0.272289
2 0.288462 0.579518 0.129808 0.397590
2 0.219952 0.559036 0.064904 0.303614
2 0.159856 0.554217 0.079327 0.332530
2 0.076923 0.595181 0.149038 0.462651
