0 0.852163 0.360577 0.112981 0.125000
0 0.735577 0.349760 0.086538 0.098558
0 0.610577 0.361779 0.067308 0.079327
0 0.509615 0.385817 0.057692 0.079327
0 0.419471 0.389423 0.069712 0.091346
0 0.215144 0.329327 0.088942 0.110577
0 0.082933 0.320913 0.161058 0.204327
1 0.830529 0.532452 0.165865 0.228365
1 0.746394 0.493990 0.151442 0.180288
1 0.628606 0.469952 0.127404 0.161058
1 0.515625 0.466346 0.098558 0.115385
1 0.431490 0.491587 0.103365 0.132212
1 0.217548 0.515625 0.185096 0.271635
1 0.106971 0.574519 0.209135 0.370192
2 0.830529 0.528846 0.165865 0.461538
2 0.730769 0.531250 0.173077 0.456731
2 0.628606 0.543269 0.127404 0.432692
2 0.518029 0.555288 0.108173 0.418269
2 0.418269 0.551683 0.177885 0.415865
2 0.218750 0.519231 0.187500 0.485577
2 0.105769 0.491587 0.206731 0.540865
