0 0.836538 0.432692 0.043269 0.057692
0 0.754808 0.444712 0.057692 0.062500
0 0.677885 0.466346 0.038462 0.048077
0 0.579327 0.459135 0.052885 0.062500
0 0.521635 0.451923 0.033654 0.048077
0 0.383413 0.443510 0.050481 0.069712
0 0.317308 0.435096 0.033654 0.048077
0 0.211538 0.467548 0.028846 0.045673
0 0.177885 0.463942 0.043269 0.057692
1 0.836538 0.524038 0.091346 0.134615
1 0.760817 0.554087 0.112981 0.156250
1 0.667067 0.522837 0.069712 0.098558
1 0.580529 0.567308 0.112981 0.163462
1 0.520433 0.513221 0.069712 0.098558
1 0.391827 0.544471 0.096154 0.161058
1 0.311298 0.515625 0.084135 0.127404
1 0.177885 0.587740 0.125000 0.213942
2 0.836538 0.574519 0.091346 0.341346
2 0.760817 0.606971 0.156250 0.382212
2 0.665865 0.563702 0.076923 0.237981
2 0.576923 0.611779 0.134615 0.367788
2 0.507212 0.558894 0.091346 0.262019
2 0.387019 0.603365 0.110577 0.384615
2 0.308894 0.548077 0.084135 0.274038
2 0.176683 0.621394 0.127404 0.367788
