0 0.953125 0.378606 0.060096 0.074519
0 0.835337 0.413462 0.064904 0.076923
0 0.758413 0.413462 0.036058 0.043269
0 0.625000 0.405048 0.057692 0.060096
0 0.543269 0.415865 0.072115 0.076923
0 0.411058 0.453125 0.038462 0.045673
0 0.354567 0.472356 0.040865 0.050481
0 0.268029 0.453125 0.055288 0.074519
0 0.097356 0.467548 0.079327 0.088942
1 0.949519 0.479567 0.100962 0.151442
1 0.853365 0.542067 0.158654 0.199519
1 0.756010 0.484375 0.064904 0.098558
1 0.644231 0.525240 0.125000 0.170673
1 0.554087 0.543269 0.122596 0.192308
1 0.419471 0.530048 0.088942 0.112981
1 0.359375 0.551683 0.074519 0.112981
1 0.287260 0.572115 0.151442 0.187500
1 0.110577 0.598558 0.158654 0.201923
2 0.949519 0.545673 0.100962 0.399038
2 0.862981 0.605769 0.182692 0.451923
2 0.750000 0.519231 0.052885 0.250000
2 0.643029 0.585337 0.132212 0.415865
2 0.579327 0.605769 0.177885 0.456731
2 0.423077 0.564904 0.096154 0.269231
2 0.366587 0.602163 0.088942 0.305288
2 0.319712 0.626202 0.216346 0.415865
2 0.111779 0.628606 0.161058 0.406250
