0 0.786058 0.362651 0.115385 0.132530
0 0.509615 0.284337 0.115385 0.139759
0 0.288462 0.346988 0.163462 0.178313
0 0.173077 0.361446 0.052885 0.072289
0 0.037260 0.372289 0.031250 0.031325
1 0.777644 0.593976 0.252404 0.354217
1 0.496394 0.521687 0.228365 0.387952
1 0.211538 0.622892 0.269231 0.460241
1 0.155048 0.467470 0.122596 0.183133
1 0.036058 0.406024 0.033654 0.040964
2 0.788462 0.571084 0.331731 0.549398
2 0.575721 0.531325 0.387019 0.633735
2 0.218750 0.556627 0.283654 0.597590
2 0.157452 0.443373 0.122596 0.231325
2 0.044471 0.437349 0.060096 0.156627
