0 0.718750 0.497596 0.043269 0.052885
0 0.637019 0.481971 0.043269 0.055288
0 0.532452 0.481971 0.045673 0.055288
0 0.447115 0.486779 0.043269 0.060096
0 0.346154 0.466346 0.048077 0.062500
0 0.223558 0.469952 0.048077 0.064904
1 0.722356 0.596154 0.088942 0.139423
1 0.631010 0.579327 0.093750 0.153846
1 0.534856 0.591346 0.103365 0.168269
1 0.439904 0.582933 0.096154 0.146635
1 0.340144 0.567308 0.112981 0.158654
1 0.222356 0.570913 0.103365 0.141827
2 0.724760 0.634615 0.108173 0.326923
2 0.629808 0.625000 0.100962 0.341346
2 0.537260 0.628606 0.103365 0.348558
2 0.442308 0.632212 0.100962 0.350962
2 0.336538 0.625000 0.115385 0.375000
2 0.219952 0.632212 0.127404 0.384615
