0 0.890625 0.429087 0.055288 0.074519
0 0.743990 0.403846 0.103365 0.115385
0 0.665865 0.426683 0.076923 0.098558
0 0.587740 0.426683 0.064904 0.079327
0 0.475962 0.399038 0.091346 0.110577
0 0.370192 0.408654 0.067308 0.081731
0 0.193510 0.443510 0.084135 0.112981
0 0.093750 0.407452 0.125000 0.156250
1 0.894231 0.558894 0.052885 0.165865
1 0.787260 0.556490 0.233173 0.242788
1 0.664663 0.556490 0.122596 0.170673
1 0.466346 0.554087 0.254808 0.223558
1 0.359375 0.518029 0.146635 0.161058
1 0.192308 0.620192 0.149038 0.221154
1 0.084135 0.606971 0.163462 0.324519
2 0.894231 0.612981 0.052885 0.437500
2 0.786058 0.591346 0.240385 0.490385
2 0.662260 0.605769 0.127404 0.456731
2 0.466346 0.590144 0.288462 0.492788
2 0.352163 0.602163 0.156250 0.468750
2 0.199519 0.612981 0.163462 0.447115
2 0.082933 0.581731 0.161058 0.504808
