0 0.963942 0.350602 0.072115 0.093976
0 0.866587 0.366265 0.064904 0.081928
0 0.736779 0.396386 0.060096 0.065060
0 0.564904 0.396386 0.100962 0.118072
0 0.444712 0.421687 0.072115 0.096386
0 0.311298 0.404819 0.069712 0.091566
0 0.256010 0.401205 0.026442 0.036145
0 0.218750 0.418072 0.024038 0.026506
0 0.200721 0.410843 0.016827 0.026506
0 0.163462 0.408434 0.019231 0.026506
0 0.045673 0.409639 0.024038 0.028916
1 0.955529 0.465060 0.088942 0.163855
1 0.877404 0.454217 0.105769 0.127711
1 0.730769 0.479518 0.096154 0.120482
1 0.643029 0.539759 0.146635 0.197590
1 0.459135 0.528916 0.153846 0.137349
1 0.307692 0.522892 0.149038 0.134940
1 0.258413 0.436145 0.055288 0.043373
1 0.221154 0.449398 0.038462 0.036145
1 0.191106 0.445783 0.026442 0.038554
1 0.158654 0.439759 0.033654 0.036145
1 0.046875 0.443373 0.045673 0.038554
2 0.944712 0.578313 0.105769 0.539759
2 0.872596 0.560241 0.125000 0.465060
2 0.739183 0.572289 0.132212 0.412048
2 0.615385 0.561446 0.201923 0.448193
2 0.463942 0.551807 0.158654 0.351807
2 0.305288 0.516867 0.163462 0.315663
2 0.222356 0.477108 0.036058 0.134940
2 0.194712 0.474699 0.033654 0.139759
2 0.164663 0.460241 0.050481 0.130120
2 0.048077 0.477108 0.057692 0.168675
