4 0.826923 0.379518 0.043269 0.050602
4 0.756010 0.351807 0.045673 0.062651
4 0.623798 0.345783 0.040865 0.060241
4 0.490385 0.345783 0.043269 0.060241
4 0.407452 0.336145 0.045673 0.060241
4 0.299279 0.328916 0.060096 0.069880
1 0.822115 0.426506 0.062500 0.072289
1 0.753606 0.413253 0.064904 0.079518
1 0.626202 0.409639 0.064904 0.081928
1 0.492788 0.408434 0.067308 0.079518
1 0.405048 0.402410 0.079327 0.086747
1 0.299279 0.409639 0.093750 0.120482
2 0.823317 0.477108 0.069712 0.240964
2 0.762019 0.463855 0.091346 0.286747
2 0.625000 0.465060 0.105769 0.293976
2 0.496394 0.460241 0.103365 0.289157
2 0.397837 0.463855 0.093750 0.310843
2 0.329327 0.492771 0.158654 0.397590
