0 0.895433 0.391566 0.074519 0.079518
0 0.622596 0.389157 0.105769 0.098795
4 0.407452 0.366265 0.040865 0.053012
0 0.326923 0.379518 0.048077 0.045783
0 0.248798 0.330120 0.084135 0.096386
0 0.159856 0.361446 0.064904 0.077108
0 0.073317 0.377108 0.060096 0.060241
1 0.906250 0.525301 0.125000 0.197590
1 0.618990 0.577108 0.122596 0.281928
1 0.409856 0.438554 0.069712 0.101205
1 0.342548 0.431325 0.069712 0.081928
1 0.230769 0.453012 0.182692 0.178313
1 0.079327 0.471084 0.125000 0.151807
2 0.893029 0.592771 0.151442 0.477108
2 0.611779 0.587952 0.141827 0.491566
2 0.409856 0.466265 0.069712 0.248193
2 0.342548 0.490361 0.079327 0.262651
2 0.246394 0.560241 0.209135 0.551807
2 0.073317 0.527711 0.141827 0.356627
