4 0.960337 0.460337 0.074519 0.084135
4 0.507212 0.433894 0.081731 0.112981
4 0.409856 0.447115 0.103365 0.115385
4 0.350962 0.449519 0.062500 0.086538
4 0.240385 0.456731 0.076923 0.115385
4 0.164663 0.442308 0.098558 0.120192
3 0.971154 0.545673 0.057692 0.120192
3 0.352163 0.617788 0.185096 0.264423
3 0.206731 0.622596 0.076923 0.250000
3 0.105769 0.611779 0.153846 0.247596
2 0.953125 0.512019 0.093750 0.192308
2 0.370192 0.639423 0.187500 0.500000
2 0.212740 0.646635 0.141827 0.495192
2 0.115385 0.639423 0.173077 0.509615
