1 0.900240 0.448317 0.055288 0.060096
1 0.798077 0.441106 0.052885 0.060096
1 0.681490 0.437500 0.055288 0.062500
1 0.569712 0.457933 0.043269 0.055288
1 0.546875 0.469952 0.026442 0.031250
1 0.457933 0.480769 0.040865 0.048077
1 0.346154 0.465144 0.043269 0.055288
1 0.313702 0.481971 0.055288 0.055288
1 0.199519 0.477163 0.052885 0.055288
1 0.048077 0.506010 0.038462 0.040865
0 0.905048 0.562500 0.074519 0.288462
0 0.808894 0.557692 0.093750 0.298077
0 0.695913 0.560096 0.093750 0.302885
0 0.568510 0.569712 0.108173 0.283654
0 0.460337 0.591346 0.084135 0.269231
0 0.355769 0.580529 0.062500 0.290865
0 0.308894 0.602163 0.084135 0.295673
0 0.192308 0.608173 0.115385 0.312500
0 0.044471 0.604567 0.084135 0.233173
