4 0.871394 0.406250 0.064904 0.081731
0 0.713942 0.401442 0.028846 0.038462
4 0.674279 0.396635 0.026442 0.048077
4 0.650240 0.395433 0.036058 0.055288
0 0.614183 0.405048 0.060096 0.074519
4 0.545673 0.397837 0.043269 0.050481
0 0.443510 0.385817 0.055288 0.069712
0 0.247596 0.385817 0.048077 0.064904
1 0.852163 0.512019 0.122596 0.158654
1 0.716346 0.456731 0.062500 0.091346
1 0.626202 0.524038 0.122596 0.168269
1 0.439904 0.501202 0.110577 0.156250
1 0.251202 0.492788 0.103365 0.163462
2 0.843750 0.566106 0.149038 0.396635
2 0.722356 0.491587 0.069712 0.218750
2 0.615385 0.590144 0.144231 0.444712
2 0.538462 0.513221 0.086538 0.276442
2 0.451923 0.573317 0.139423 0.444712
2 0.265625 0.549279 0.132212 0.387019
