0 0.843750 0.302885 0.100962 0.105769
0 0.705529 0.283654 0.069712 0.067308
0 0.552885 0.308894 0.062500 0.069712
0 0.496394 0.322115 0.045673 0.052885
0 0.401442 0.312500 0.038462 0.052885
0 0.281250 0.292067 0.067308 0.074519
0 0.181490 0.277644 0.112981 0.132212
1 0.855769 0.483173 0.221154 0.302885
1 0.688702 0.393029 0.108173 0.175481
1 0.550481 0.436298 0.158654 0.213942
1 0.403846 0.388221 0.100962 0.108173
1 0.275240 0.406250 0.103365 0.187500
1 0.185096 0.489183 0.293269 0.348558
2 0.858173 0.555288 0.221154 0.600962
2 0.681490 0.457933 0.132212 0.411058
2 0.534856 0.503606 0.180288 0.459135
2 0.406250 0.436298 0.100962 0.300481
2 0.282452 0.497596 0.117788 0.480769
2 0.186298 0.536058 0.290865 0.644231
