0 0.939904 0.384615 0.110577 0.139423
0 0.867788 0.362981 0.081731 0.110577
0 0.707933 0.343750 0.117788 0.153846
0 0.580529 0.371394 0.064904 0.079327
0 0.468750 0.334135 0.139423 0.153846
0 0.114183 0.276442 0.189904 0.225962
4 0.216346 0.269231 0.134615 0.206731
1 0.909856 0.528846 0.180288 0.211538
1 0.717548 0.538462 0.319712 0.283654
1 0.415865 0.528846 0.250000 0.322115
1 0.209135 0.530048 0.129808 0.310096
1 0.111779 0.562500 0.218750 0.427885
2 0.909856 0.594952 0.180288 0.555288
2 0.718750 0.569712 0.317308 0.600962
2 0.433894 0.564904 0.281250 0.610577
2 0.139423 0.515625 0.274038 0.704327
