0 0.900240 0.424279 0.108173 0.122596
0 0.853365 0.368990 0.086538 0.117788
0 0.665865 0.419471 0.081731 0.103365
0 0.562500 0.437500 0.076923 0.096154
0 0.400240 0.521635 0.088942 0.129808
0 0.306490 0.394231 0.074519 0.096154
0 0.123798 0.549279 0.093750 0.103365
1 0.906250 0.582933 0.153846 0.242788
1 0.829327 0.519231 0.076923 0.197115
1 0.671875 0.543269 0.165865 0.177885
1 0.534856 0.545673 0.122596 0.158654
1 0.298077 0.491587 0.206731 0.151442
1 0.411058 0.627404 0.115385 0.144231
1 0.134615 0.616587 0.192308 0.122596
2 0.902644 0.548077 0.165865 0.365385
2 0.841346 0.513221 0.110577 0.401442
2 0.677885 0.528846 0.168269 0.322115
2 0.532452 0.534856 0.122596 0.286058
2 0.432692 0.588942 0.350962 0.259615
2 0.298077 0.479567 0.206731 0.266827
2 0.135817 0.608173 0.194712 0.216346
