4 0.715144 0.312048 0.045673 0.050602
4 0.564904 0.339759 0.048077 0.048193
4 0.449519 0.354217 0.043269 0.043373
4 0.373798 0.389157 0.045673 0.040964
4 0.251202 0.363855 0.050481 0.043373
4 0.177885 0.377108 0.043269 0.040964
3 0.721154 0.402410 0.086538 0.130120
3 0.563702 0.419277 0.074519 0.101205
3 0.444712 0.428916 0.076923 0.106024
3 0.364183 0.457831 0.050481 0.101205
3 0.245192 0.436145 0.057692 0.096386
3 0.174279 0.446988 0.069712 0.089157
2 0.729567 0.454217 0.103365 0.330120
2 0.579327 0.463855 0.139423 0.291566
2 0.449519 0.469880 0.086538 0.274699
2 0.368990 0.491566 0.069712 0.245783
2 0.257212 0.471084 0.081731 0.257831
2 0.176683 0.479518 0.079327 0.240964
