0 0.862981 0.435096 0.072115 0.072115
0 0.694712 0.441106 0.110577 0.108173
0 0.563702 0.426683 0.074519 0.093750
0 0.420673 0.421875 0.062500 0.084135
0 0.346154 0.403846 0.086538 0.110577
0 0.087740 0.365385 0.079327 0.105769
1 0.888221 0.528846 0.161058 0.158654
1 0.706731 0.568510 0.115385 0.165865
1 0.569712 0.527644 0.197115 0.180288
1 0.421875 0.515625 0.127404 0.132212
1 0.284856 0.497596 0.185096 0.173077
1 0.098558 0.501202 0.192308 0.194712
2 0.882212 0.633413 0.187500 0.463942
2 0.700721 0.626202 0.180288 0.478365
2 0.567308 0.621394 0.206731 0.483173
2 0.423077 0.610577 0.125000 0.456731
2 0.282452 0.603365 0.194712 0.509615
2 0.099760 0.584135 0.194712 0.548077
