0 0.867788 0.387952 0.062500 0.091566
0 0.710337 0.359036 0.064904 0.077108
0 0.647837 0.369880 0.045673 0.055422
0 0.564904 0.336145 0.033654 0.045783
0 0.519231 0.344578 0.062500 0.072289
0 0.447115 0.342169 0.048077 0.062651
0 0.354567 0.338554 0.045673 0.065060
0 0.319712 0.368675 0.067308 0.077108
0 0.198317 0.349398 0.045673 0.062651
0 0.110577 0.321687 0.057692 0.079518
1 0.867788 0.471084 0.163462 0.127711
1 0.698317 0.454217 0.161058 0.132530
1 0.518029 0.475904 0.156250 0.195181
1 0.443510 0.445783 0.088942 0.154217
1 0.370192 0.426506 0.067308 0.134940
1 0.317308 0.477108 0.139423 0.159036
1 0.210337 0.415663 0.074519 0.093976
1 0.118990 0.409639 0.132212 0.130120
2 0.866587 0.579518 0.170673 0.469880
2 0.697115 0.561446 0.163462 0.477108
2 0.519231 0.551807 0.153846 0.477108
2 0.443510 0.507229 0.088942 0.387952
2 0.311298 0.550602 0.161058 0.440964
2 0.204327 0.497590 0.091346 0.359036
2 0.118990 0.519277 0.132212 0.465060
