0 0.734375 0.439904 0.074519 0.100962
0 0.657452 0.449519 0.050481 0.067308
0 0.580529 0.460337 0.060096 0.079327
0 0.811298 0.457933 0.055288 0.069712
0 0.878606 0.433894 0.055288 0.064904
0 0.539663 0.453125 0.036058 0.064904
0 0.442308 0.441106 0.052885 0.069712
0 0.340144 0.394231 0.098558 0.110577
0 0.218750 0.433894 0.067308 0.079327
0 0.093750 0.445913 0.115385 0.117788
1 0.757212 0.580529 0.187500 0.194712
1 0.596154 0.546875 0.144231 0.122596
1 0.368990 0.538462 0.242788 0.216346
1 0.108173 0.605769 0.211538 0.225962
1 0.219952 0.538462 0.103365 0.125000
1 0.465144 0.538462 0.093750 0.134615
2 0.883413 0.576923 0.064904 0.350962
2 0.843750 0.592548 0.120192 0.343750
2 0.760817 0.606971 0.223558 0.449519
2 0.596154 0.626202 0.134615 0.415865
2 0.467548 0.620192 0.108173 0.427885
2 0.338942 0.586538 0.182692 0.490385
2 0.228365 0.611779 0.125000 0.430288
2 0.109375 0.608173 0.213942 0.442308
