4 0.930288 0.383133 0.057692 0.057831
4 0.709135 0.365060 0.057692 0.069880
4 0.222356 0.357831 0.093750 0.113253
4 0.337740 0.726506 0.064904 0.079518
4 0.980769 0.313253 0.038462 0.101205
3 0.932692 0.467470 0.081731 0.115663
3 0.823317 0.485542 0.122596 0.084337
3 0.725962 0.453012 0.100962 0.134940
3 0.489183 0.654217 0.127404 0.132530
3 0.165865 0.498795 0.158654 0.216867
2 0.932692 0.509639 0.086538 0.306024
2 0.828125 0.565060 0.132212 0.243373
2 0.724760 0.512048 0.103365 0.363855
2 0.176683 0.569880 0.185096 0.532530
2 0.527644 0.665060 0.242788 0.240964
