1 0.832933 0.330120 0.064904 0.077108
1 0.743990 0.325301 0.074519 0.091566
1 0.562500 0.385542 0.062500 0.077108
1 0.451923 0.339759 0.067308 0.081928
1 0.254808 0.342169 0.067308 0.062651
2 0.883413 0.418072 0.117788 0.108434
2 0.783654 0.419277 0.091346 0.139759
2 0.605769 0.436145 0.091346 0.106024
2 0.475962 0.432530 0.115385 0.137349
2 0.240385 0.434940 0.115385 0.137349
0 0.888221 0.509639 0.185096 0.431325
0 0.776442 0.512048 0.144231 0.465060
0 0.614183 0.508434 0.165865 0.327711
0 0.490385 0.508434 0.221154 0.424096
0 0.293269 0.534940 0.221154 0.448193
