4 0.816106 0.382212 0.026442 0.024038
0 0.734375 0.335337 0.050481 0.060096
0 0.625000 0.280048 0.062500 0.084135
0 0.573317 0.299279 0.050481 0.074519
0 0.438702 0.318510 0.060096 0.084135
0 0.389423 0.322115 0.038462 0.052885
0 0.356971 0.298077 0.064904 0.076923
0 0.237981 0.314904 0.057692 0.076923
0 0.193510 0.258413 0.074519 0.098558
0 0.134615 0.299279 0.057692 0.074519
1 0.810096 0.409856 0.043269 0.045673
1 0.742788 0.420673 0.091346 0.115385
1 0.629808 0.408654 0.158654 0.177885
1 0.454327 0.408654 0.115385 0.139423
1 0.360577 0.402644 0.129808 0.156250
1 0.241587 0.413462 0.084135 0.125000
1 0.168269 0.408654 0.158654 0.250000
2 0.817308 0.439904 0.057692 0.139423
2 0.737981 0.491587 0.110577 0.367788
2 0.627404 0.500000 0.153846 0.524038
2 0.555288 0.478365 0.096154 0.432692
2 0.450721 0.503606 0.117788 0.449519
2 0.356971 0.516827 0.137019 0.514423
2 0.242788 0.504808 0.076923 0.456731
2 0.140625 0.534856 0.165865 0.651442
