0 0.537260 0.404819 0.074519 0.091566
0 0.468750 0.431325 0.067308 0.081928
0 0.325721 0.416867 0.079327 0.096386
0 0.250000 0.439759 0.062500 0.074699
0 0.782452 0.392771 0.069712 0.106024
0 0.834135 0.343373 0.096154 0.132530
0 0.888221 0.278313 0.079327 0.161446
0 0.959135 0.278313 0.081731 0.277108
1 0.543269 0.580723 0.139423 0.308434
1 0.437500 0.567470 0.091346 0.204819
1 0.313702 0.591566 0.185096 0.277108
1 0.206731 0.579518 0.086538 0.224096
2 0.544471 0.626506 0.199519 0.530120
2 0.442308 0.643373 0.120192 0.501205
2 0.314904 0.633735 0.187500 0.525301
2 0.222356 0.650602 0.117788 0.491566
