1 0.733173 0.413462 0.062500 0.081731
1 0.598558 0.397837 0.057692 0.069712
1 0.498798 0.405048 0.074519 0.084135
1 0.418269 0.400240 0.067308 0.084135
1 0.205529 0.382212 0.088942 0.105769
2 0.725962 0.537260 0.105769 0.180288
2 0.597356 0.497596 0.093750 0.144231
2 0.500000 0.556490 0.129808 0.209135
2 0.407452 0.510817 0.093750 0.151442
2 0.216346 0.556490 0.173077 0.242788
0 0.724760 0.584135 0.122596 0.423077
0 0.598558 0.550481 0.096154 0.370192
0 0.503606 0.616587 0.132212 0.502404
0 0.396635 0.497596 0.115385 0.274038
0 0.228365 0.597356 0.225962 0.545673
