0 0.939904 0.346154 0.120192 0.139423
0 0.889423 0.313702 0.076923 0.103365
0 0.695913 0.322115 0.060096 0.067308
0 0.573317 0.318510 0.064904 0.079327
0 0.496394 0.338942 0.084135 0.110577
0 0.257212 0.324519 0.057692 0.057692
0 0.183894 0.312500 0.088942 0.096154
1 0.925481 0.611779 0.149038 0.444712
1 0.853365 0.498798 0.149038 0.271635
1 0.686298 0.438702 0.132212 0.170673
1 0.486779 0.504808 0.228365 0.274038
1 0.167067 0.501202 0.223558 0.295673
2 0.925481 0.574519 0.149038 0.596154
2 0.838942 0.568510 0.182692 0.612981
2 0.687500 0.522837 0.144231 0.463942
2 0.594952 0.545673 0.112981 0.528846
2 0.406250 0.575721 0.394231 0.593750
2 0.165865 0.568510 0.225962 0.603365
