1 0.929087 0.461446 0.050481 0.045783
1 0.475962 0.202410 0.028846 0.038554
1 0.667067 0.300000 0.036058 0.040964
1 0.639423 0.383133 0.038462 0.048193
1 0.533654 0.355422 0.038462 0.036145
1 0.515625 0.384337 0.040865 0.050602
1 0.405048 0.389157 0.016827 0.040964
1 0.973558 0.615663 0.052885 0.050602
1 0.332933 0.302410 0.036058 0.036145
1 0.169471 0.290361 0.036058 0.036145
1 0.240385 0.378313 0.038462 0.038554
1 0.143029 0.491566 0.045673 0.053012
1 0.477163 0.253012 0.060096 0.072289
0 0.963942 0.708434 0.072115 0.236145
0 0.912260 0.543373 0.122596 0.209639
0 0.682692 0.375904 0.067308 0.187952
0 0.651442 0.462651 0.076923 0.207229
0 0.525240 0.465060 0.060096 0.212048
0 0.477163 0.271084 0.060096 0.175904
0 0.423077 0.462651 0.062500 0.187952
0 0.313702 0.383133 0.088942 0.197590
0 0.245192 0.455422 0.076923 0.192771
0 0.174279 0.366265 0.084135 0.187952
0 0.144231 0.590361 0.115385 0.245783
