0 0.754808 0.420482 0.057692 0.069880
0 0.575721 0.420482 0.055288 0.065060
0 0.477163 0.412048 0.045673 0.057831
0 0.370192 0.404819 0.057692 0.067470
0 0.253606 0.412048 0.045673 0.053012
0 0.149038 0.396386 0.048077 0.055422
1 0.770433 0.504819 0.117788 0.122892
1 0.592548 0.501205 0.127404 0.110843
1 0.479567 0.485542 0.093750 0.103614
1 0.366587 0.526506 0.098558 0.195181
1 0.263221 0.473494 0.069712 0.084337
1 0.141827 0.477108 0.081731 0.106024
2 0.766827 0.606024 0.129808 0.436145
2 0.585337 0.585542 0.141827 0.390361
2 0.479567 0.569880 0.122596 0.363855
2 0.371394 0.597590 0.122596 0.448193
2 0.278846 0.539759 0.100962 0.313253
2 0.140625 0.556627 0.127404 0.371084
