1 0.664663 0.370192 0.064904 0.076923
1 0.558894 0.331731 0.069712 0.076923
1 0.759615 0.566106 0.076923 0.064904
1 0.467548 0.394231 0.055288 0.067308
1 0.343750 0.242788 0.062500 0.067308
1 0.412260 0.436298 0.060096 0.074519
1 0.265625 0.411058 0.064904 0.081731
2 0.728365 0.663462 0.096154 0.158654
2 0.539663 0.436298 0.098558 0.156250
2 0.149038 0.472356 0.076923 0.117788
0 0.781250 0.640625 0.201923 0.213942
0 0.653846 0.477163 0.144231 0.281250
0 0.536058 0.497596 0.120192 0.399038
0 0.435096 0.534856 0.173077 0.266827
0 0.331731 0.391827 0.139423 0.360577
0 0.198317 0.522837 0.199519 0.305288
