0 0.674279 0.312048 0.064904 0.084337
0 0.604567 0.333735 0.040865 0.055422
0 0.569712 0.339759 0.033654 0.038554
0 0.495192 0.316867 0.057692 0.065060
0 0.356971 0.330120 0.069712 0.072289
0 0.201923 0.290361 0.096154 0.103614
0 0.138221 0.340964 0.050481 0.060241
0 0.088942 0.345783 0.038462 0.050602
1 0.703125 0.454217 0.161058 0.224096
1 0.599760 0.420482 0.079327 0.127711
1 0.501202 0.448193 0.132212 0.207229
1 0.337740 0.454217 0.141827 0.180723
1 0.207933 0.473494 0.170673 0.306024
1 0.085337 0.419277 0.079327 0.115663
2 0.703125 0.521687 0.161058 0.498795
2 0.599760 0.465060 0.079327 0.318072
2 0.506010 0.510843 0.137019 0.453012
2 0.336538 0.544578 0.139423 0.510843
2 0.209135 0.534940 0.168269 0.592771
2 0.085337 0.478313 0.084135 0.315663
