4 0.834135 0.401205 0.076923 0.089157
4 0.687500 0.421687 0.033654 0.043373
4 0.628606 0.419277 0.074519 0.106024
4 0.563702 0.421687 0.040865 0.053012
4 0.447115 0.425301 0.062500 0.093976
4 0.366587 0.391566 0.069712 0.113253
4 0.210337 0.418072 0.064904 0.098795
1 0.831731 0.498795 0.182692 0.139759
1 0.623798 0.524096 0.141827 0.137349
1 0.469952 0.519277 0.093750 0.118072
1 0.360577 0.508434 0.134615 0.149398
1 0.228365 0.516867 0.115385 0.132530
2 0.834135 0.595181 0.192308 0.477108
2 0.669471 0.603614 0.310096 0.465060
2 0.473558 0.607229 0.125000 0.462651
2 0.372596 0.586747 0.158654 0.498795
2 0.225962 0.601205 0.144231 0.465060
