1 0.919471 0.355769 0.112981 0.139423
1 0.747596 0.391827 0.048077 0.081731
1 0.639423 0.382212 0.057692 0.076923
1 0.311298 0.391827 0.055288 0.072115
1 0.252404 0.362981 0.033654 0.048077
1 0.212740 0.399038 0.045673 0.057692
1 0.043269 0.394231 0.067308 0.086538
0 0.909856 0.582933 0.180288 0.584135
0 0.800481 0.590144 0.120192 0.507212
0 0.718750 0.575721 0.110577 0.449519
0 0.634615 0.549279 0.129808 0.411058
0 0.543269 0.545673 0.081731 0.355769
0 0.500000 0.526442 0.072115 0.341346
0 0.453125 0.582933 0.141827 0.411058
0 0.307692 0.549279 0.120192 0.377404
0 0.174279 0.555288 0.132212 0.413462
0 0.068510 0.599760 0.132212 0.492788
