0 0.846154 0.352163 0.048077 0.055288
0 0.706731 0.359375 0.043269 0.055288
0 0.579327 0.364183 0.038462 0.050481
0 0.537260 0.361779 0.031250 0.050481
0 0.507212 0.361779 0.038462 0.060096
0 0.469952 0.366587 0.036058 0.045673
0 0.424279 0.356971 0.036058 0.050481
0 0.370192 0.372596 0.033654 0.043269
0 0.269231 0.356971 0.048077 0.064904
0 0.212740 0.344952 0.040865 0.050481
0 0.132212 0.354567 0.057692 0.064904
0 0.073317 0.352163 0.036058 0.045673
0 0.022837 0.371394 0.031250 0.040865
1 0.852163 0.421875 0.088942 0.108173
1 0.701923 0.425481 0.081731 0.100962
1 0.582933 0.421875 0.055288 0.079327
1 0.501202 0.421875 0.064904 0.088942
1 0.449519 0.423077 0.038462 0.072115
1 0.421875 0.407452 0.045673 0.060096
1 0.366587 0.435096 0.060096 0.091346
1 0.270433 0.435096 0.079327 0.105769
1 0.209135 0.405048 0.052885 0.074519
1 0.137019 0.451923 0.096154 0.144231
1 0.067308 0.411058 0.052885 0.081731
1 0.020433 0.417067 0.036058 0.060096
2 0.855769 0.478365 0.139423 0.307692
2 0.699519 0.489183 0.100962 0.310096
2 0.588942 0.472356 0.076923 0.266827
2 0.501202 0.485577 0.108173 0.307692
2 0.372596 0.492788 0.091346 0.283654
2 0.258413 0.502404 0.151442 0.350962
2 0.210337 0.466346 0.074519 0.293269
2 0.135817 0.506010 0.127404 0.358173
2 0.060096 0.451923 0.072115 0.235577
2 0.021635 0.454327 0.038462 0.211538
