4 0.524479 0.253241 0.026042 0.060185
4 0.457813 0.386574 0.057292 0.100926
3 0.533073 0.346296 0.054688 0.131481
3 0.472917 0.549537 0.081250 0.228704
4 0.164062 0.223148 0.012500 0.025926
4 0.140625 0.216204 0.010417 0.021296
4 0.128125 0.263426 0.013542 0.026852
4 0.101562 0.241204 0.011458 0.021296
4 0.048958 0.250000 0.008333 0.014815
2 0.529948 0.381481 0.060937 0.320370
2 0.465104 0.600926 0.102083 0.529630
3 0.170313 0.262500 0.022917 0.056481
3 0.145573 0.248148 0.019271 0.042593
3 0.105208 0.272222 0.016667 0.046296
1 0.133854 0.301389 0.021875 0.058333
2 0.168229 0.286111 0.029167 0.150000
2 0.146354 0.238426 0.021875 0.065741
2 0.132031 0.321759 0.029687 0.141667
2 0.105469 0.287963 0.022396 0.114815
2 0.048958 0.289352 0.015625 0.093519
2 0.035417 0.268519 0.012500 0.072222
2 0.019792 0.298148 0.013542 0.094444
