4 0.245312 0.283796 0.022917 0.054630
1 0.251042 0.359259 0.033333 0.112963
2 0.254948 0.400926 0.053646 0.288889
4 0.183854 0.193981 0.008333 0.017593
4 0.157031 0.204167 0.007812 0.019444
3 0.185938 0.220370 0.012500 0.037037
3 0.159115 0.232870 0.013021 0.043519
4 0.101302 0.212500 0.004687 0.013889
3 0.100521 0.234259 0.010417 0.031481
4 0.361458 0.136574 0.006250 0.012037
2 0.365365 0.162500 0.018229 0.065741
2 0.185938 0.232407 0.019792 0.092593
2 0.160677 0.254167 0.025521 0.119444
2 0.101302 0.246296 0.014063 0.083333
