1 0.745573 0.593519 0.077604 0.142593
1 0.270573 0.203241 0.013021 0.030556
1 0.217188 0.219907 0.015625 0.028704
1 0.153906 0.204167 0.010937 0.026852
2 0.274219 0.249537 0.025521 0.067593
2 0.221615 0.268981 0.026562 0.069444
2 0.155990 0.232407 0.013021 0.038889
2 0.164323 0.267130 0.021354 0.047222
0 0.273698 0.268981 0.031771 0.162037
0 0.221615 0.292130 0.032813 0.173148
0 0.167448 0.299074 0.031771 0.151852
0 0.153385 0.232407 0.015104 0.083333
1 0.745052 0.593981 0.074479 0.141667
2 0.746354 0.812037 0.084375 0.259259
0 0.730469 0.760648 0.129688 0.478704
