1 0.260677 0.218981 0.018229 0.037963
1 0.151302 0.195833 0.007812 0.023148
1 0.110677 0.214352 0.006771 0.013889
1 0.092969 0.224537 0.005729 0.013889
2 0.263021 0.271296 0.022917 0.074074
2 0.112500 0.233333 0.009375 0.027778
2 0.093750 0.243981 0.009375 0.028704
0 0.261979 0.292130 0.032292 0.184259
0 0.151823 0.239815 0.024479 0.109259
0 0.112760 0.245833 0.013021 0.076852
0 0.095052 0.253241 0.013021 0.075000
1 0.824219 0.545833 0.075521 0.150926
2 0.782552 0.766204 0.094271 0.334259
0 0.798958 0.735185 0.128125 0.529630
