1 0.768490 0.306944 0.033854 0.069444
2 0.768490 0.399074 0.053646 0.137037
0 0.759896 0.459722 0.070833 0.375000
1 0.192188 0.235185 0.014583 0.037037
0 0.198437 0.312500 0.037500 0.191667
1 0.150521 0.197685 0.006250 0.012037
2 0.151823 0.218519 0.009896 0.031481
0 0.151302 0.229630 0.013021 0.075926
2 0.123438 0.228704 0.011458 0.029630
2 0.109635 0.239352 0.013021 0.037963
0 0.123698 0.242130 0.013021 0.071296
0 0.109635 0.256481 0.017188 0.088889
1 0.104688 0.272685 0.007292 0.017593
1 0.022917 0.262500 0.007292 0.019444
2 0.022396 0.287037 0.014583 0.035185
0 0.022396 0.297222 0.015625 0.088889
