4 0.212240 0.317593 0.026562 0.064815
4 0.295573 0.192593 0.011979 0.025926
4 0.225781 0.181944 0.008854 0.017593
4 0.205208 0.190741 0.009375 0.018519
4 0.463802 0.122685 0.006771 0.013889
4 0.547656 0.100463 0.005729 0.012037
3 0.466406 0.141204 0.010937 0.025000
3 0.548958 0.114815 0.007292 0.020370
3 0.295573 0.233333 0.025521 0.059259
3 0.226562 0.208796 0.015625 0.037963
3 0.207292 0.218519 0.013542 0.040741
3 0.221354 0.412963 0.054167 0.148148
2 0.224219 0.450463 0.078646 0.330556
2 0.296354 0.252315 0.031250 0.145370
2 0.465885 0.150000 0.019271 0.070370
2 0.228646 0.218519 0.021875 0.090741
2 0.207292 0.231481 0.020833 0.101852
