1 0.613281 0.252778 0.034896 0.074074
1 0.273958 0.242130 0.025000 0.052778
1 0.185156 0.303704 0.024479 0.053704
1 0.108333 0.332870 0.023958 0.049074
1 0.091927 0.405556 0.029687 0.068519
2 0.621875 0.356944 0.042708 0.145370
2 0.284115 0.319444 0.043229 0.111111
2 0.196354 0.377778 0.037500 0.107407
2 0.118229 0.410648 0.051042 0.110185
2 0.107031 0.519907 0.059896 0.162037
1 0.057813 0.262500 0.010417 0.025000
1 0.110156 0.247222 0.009896 0.024074
2 0.111979 0.281481 0.018750 0.046296
2 0.060417 0.300926 0.021875 0.055556
0 0.111979 0.297685 0.029167 0.126852
0 0.061719 0.323611 0.027604 0.147222
0 0.295312 0.364352 0.067708 0.299074
0 0.203385 0.418981 0.061979 0.286111
0 0.120052 0.445370 0.053646 0.275926
0 0.106250 0.555093 0.078125 0.367593
0 0.616146 0.404167 0.054167 0.386111
