1 0.920573 0.632870 0.089063 0.239815
2 0.874740 0.837963 0.127604 0.324074
1 0.528906 0.416204 0.060937 0.086111
2 0.570833 0.549074 0.085417 0.227778
1 0.357552 0.570833 0.089063 0.173148
2 0.384375 0.820833 0.142708 0.358333
1 0.230990 0.197222 0.011979 0.024074
1 0.222656 0.195833 0.007812 0.019444
2 0.234635 0.239352 0.022396 0.062037
1 0.185677 0.230556 0.010937 0.027778
2 0.186458 0.272685 0.021875 0.062037
0 0.234115 0.262500 0.026562 0.154630
0 0.187240 0.290741 0.024479 0.148148
0 0.555208 0.612963 0.137500 0.551852
0 0.392969 0.741204 0.161979 0.517593
0 0.874479 0.756019 0.186458 0.487963
