1 0.239323 0.597685 0.073438 0.137963
2 0.276042 0.791204 0.116667 0.310185
0 0.281771 0.763426 0.160417 0.473148
1 0.055990 0.257870 0.007812 0.019444
1 0.045833 0.271759 0.009375 0.023148
1 0.036458 0.294907 0.011458 0.030556
1 0.015365 0.275926 0.009896 0.025926
1 0.011458 0.311574 0.011458 0.030556
2 0.038802 0.343056 0.022396 0.067593
2 0.015365 0.361574 0.024479 0.069444
2 0.056771 0.286111 0.010417 0.037037
0 0.040365 0.368519 0.027604 0.175926
0 0.016667 0.392593 0.032292 0.190741
0 0.057552 0.295370 0.011979 0.094444
