1 0.871296 0.337171 0.205556 0.358553
1 0.709259 0.355263 0.066667 0.157895
1 0.610185 0.335526 0.061111 0.144737
1 0.470370 0.356908 0.055556 0.148026
1 0.289815 0.340461 0.068519 0.154605
1 0.123148 0.259868 0.187037 0.361842
2 0.859259 0.751645 0.281481 0.496711
2 0.700926 0.574013 0.135185 0.305921
2 0.455556 0.552632 0.118519 0.282895
2 0.291667 0.578947 0.116667 0.335526
2 0.111111 0.699013 0.218519 0.601974
0 0.860185 0.578947 0.279630 0.842105
0 0.698148 0.541118 0.159259 0.529605
0 0.607407 0.631579 0.133333 0.736842
0 0.450000 0.641447 0.170370 0.710526
0 0.291667 0.508224 0.138889 0.490132
0 0.133333 0.537829 0.262963 0.917763
