1 0.738281 0.446759 0.052604 0.108333
1 0.448958 0.530093 0.072917 0.139815
1 0.153646 0.272222 0.019792 0.042593
1 0.131250 0.265278 0.013542 0.030556
1 0.083594 0.277315 0.015104 0.032407
2 0.156510 0.342593 0.035937 0.100000
2 0.138281 0.304630 0.020313 0.066667
2 0.084635 0.325463 0.023438 0.071296
2 0.747396 0.604167 0.076042 0.230556
2 0.471875 0.749074 0.129167 0.318519
0 0.715625 0.663889 0.142708 0.542593
0 0.484896 0.729630 0.185417 0.540741
0 0.161198 0.376852 0.050521 0.248148
0 0.136198 0.293056 0.024479 0.087963
0 0.085677 0.349074 0.029687 0.175926
