4 0.833333 0.413426 0.040625 0.082407
4 0.986198 0.461574 0.027604 0.132407
3 0.970052 0.650463 0.059896 0.245370
3 0.824219 0.535648 0.063021 0.167593
2 0.934375 0.675000 0.131250 0.562963
2 0.810937 0.564352 0.117708 0.384259
4 0.421875 0.440278 0.047917 0.115741
3 0.431250 0.599537 0.081250 0.236111
2 0.441667 0.638426 0.127083 0.512037
4 0.391927 0.260648 0.028646 0.069444
3 0.396615 0.359722 0.047396 0.137963
2 0.400000 0.368981 0.060417 0.287963
4 0.240885 0.622222 0.057813 0.146296
3 0.264323 0.813889 0.123438 0.287037
2 0.260417 0.773148 0.140625 0.453704
4 0.161979 0.301852 0.021875 0.051852
4 0.257552 0.216667 0.016146 0.035185
4 0.198958 0.214815 0.014583 0.031481
4 0.147135 0.242593 0.014063 0.033333
4 0.077083 0.273148 0.010417 0.024074
4 0.049740 0.346296 0.018229 0.044444
4 0.158594 0.201852 0.008854 0.018519
4 0.111979 0.234259 0.009375 0.022222
3 0.260417 0.269907 0.029167 0.076852
3 0.161719 0.380093 0.036979 0.112037
3 0.052604 0.417130 0.032292 0.104630
3 0.202604 0.258796 0.026042 0.065741
3 0.150781 0.291667 0.021354 0.070370
3 0.080729 0.309722 0.019792 0.054630
3 0.113281 0.269907 0.019271 0.047222
3 0.157812 0.228241 0.014583 0.037963
2 0.263281 0.304630 0.044271 0.211111
2 0.167969 0.417130 0.050521 0.282407
2 0.057292 0.451389 0.051042 0.254630
2 0.203646 0.282407 0.031250 0.168519
2 0.151302 0.297685 0.028646 0.145370
2 0.114323 0.284259 0.028646 0.122222
2 0.083333 0.326389 0.026042 0.132407
2 0.159896 0.224537 0.018750 0.067593
