1 0.634375 0.312500 0.032292 0.076852
1 0.308594 0.448148 0.060937 0.118519
1 0.299740 0.214815 0.018229 0.038889
1 0.233854 0.221296 0.017708 0.033333
1 0.231771 0.285185 0.023958 0.055556
1 0.156771 0.252315 0.015625 0.034259
1 0.144531 0.460648 0.040104 0.086111
1 0.120573 0.415278 0.032813 0.069444
1 0.021615 0.362500 0.016146 0.047222
1 0.106250 0.294444 0.015625 0.035185
1 0.089583 0.271759 0.011458 0.026852
1 0.055208 0.318056 0.012500 0.032407
1 0.021875 0.293981 0.010417 0.030556
2 0.301042 0.274537 0.031250 0.082407
2 0.235156 0.254630 0.025521 0.031481
2 0.159896 0.308796 0.025000 0.076852
2 0.090885 0.314352 0.018229 0.058333
2 0.109635 0.354167 0.028646 0.086111
2 0.062500 0.366204 0.029167 0.071296
2 0.024740 0.335185 0.021354 0.055556
2 0.026302 0.427315 0.029687 0.093519
2 0.235677 0.363889 0.049479 0.116667
2 0.334375 0.612963 0.076042 0.250000
2 0.164583 0.600926 0.086458 0.203704
2 0.118229 0.524537 0.039583 0.154630
2 0.641667 0.411111 0.053125 0.153704
0 0.627083 0.458333 0.106250 0.368519
0 0.347135 0.666667 0.159896 0.557407
0 0.241667 0.409259 0.065625 0.305556
0 0.299740 0.294444 0.036979 0.200000
0 0.189583 0.676389 0.136458 0.530556
0 0.120052 0.551389 0.042188 0.345370
0 0.160417 0.331944 0.034375 0.195370
0 0.113021 0.353241 0.036458 0.154630
0 0.062760 0.384259 0.031771 0.164815
0 0.028385 0.454630 0.034896 0.233333
0 0.026302 0.327778 0.028646 0.096296
