0 0.843229 0.492130 0.048958 0.095370
4 0.777865 0.706019 0.049479 0.089815
4 0.712500 0.330093 0.045833 0.095370
3 0.836458 0.651389 0.067708 0.236111
3 0.720833 0.467130 0.061458 0.187963
2 0.817969 0.685185 0.143229 0.488889
2 0.708073 0.527315 0.102604 0.487963
4 0.126823 0.225463 0.011979 0.025000
4 0.103125 0.241204 0.010417 0.017593
4 0.049219 0.240741 0.006771 0.014815
2 0.131510 0.288426 0.023438 0.150926
3 0.102865 0.272685 0.015104 0.045370
2 0.101823 0.287963 0.021354 0.109259
3 0.050781 0.265278 0.009896 0.034259
2 0.051042 0.277315 0.014583 0.087963
2 0.036979 0.285648 0.013542 0.082407
