0 0.921000 0.282667 0.078000 0.138667
0 0.753000 0.329333 0.106000 0.157333
0 0.590000 0.348000 0.064000 0.130667
0 0.379000 0.356000 0.110000 0.173333
0 0.101000 0.328000 0.146000 0.208000
0 0.216000 0.509333 0.144000 0.245333
1 0.909000 0.480000 0.142000 0.288000
1 0.736000 0.536000 0.140000 0.309333
1 0.571000 0.560000 0.154000 0.282667
1 0.349000 0.629333 0.150000 0.416000
2 0.899000 0.578667 0.162000 0.725333
2 0.730000 0.614667 0.160000 0.722667
2 0.573000 0.612000 0.206000 0.770667
2 0.351000 0.634667 0.214000 0.730667
2 0.239000 0.693333 0.350000 0.613333
