0 0.614228 0.340841 0.046092 0.093093
0 0.513026 0.340841 0.048096 0.087087
0 0.430862 0.249249 0.052104 0.102102
0 0.983968 0.471471 0.032064 0.054054
0 0.837675 0.465465 0.028056 0.048048
0 0.811623 0.490991 0.028056 0.051051
0 0.744489 0.456456 0.026052 0.048048
0 0.701403 0.474474 0.028056 0.054054
1 0.986974 0.537538 0.026052 0.096096
1 0.846693 0.521021 0.034068 0.069069
1 0.824649 0.540541 0.038076 0.072072
1 0.756513 0.528529 0.038076 0.114114
1 0.709419 0.557057 0.072144 0.129129
1 0.620240 0.498498 0.110220 0.216216
1 0.512024 0.512012 0.106212 0.267267
1 0.417836 0.411411 0.122244 0.222222
2 0.981964 0.588589 0.036072 0.288288
2 0.843687 0.582583 0.040080 0.282282
2 0.826653 0.597598 0.062124 0.264264
2 0.754509 0.570571 0.050100 0.276276
2 0.711423 0.594595 0.104208 0.294294
2 0.617234 0.584084 0.120240 0.579580
2 0.511022 0.582583 0.108216 0.570571
2 0.394790 0.533033 0.168337 0.669670
