0 0.892000 0.150667 0.112000 0.168000
0 0.770000 0.154667 0.060000 0.096000
0 0.584000 0.165333 0.088000 0.165333
0 0.532000 0.205333 0.060000 0.122667
0 0.432000 0.188000 0.068000 0.093333
0 0.461000 0.153333 0.038000 0.061333
0 0.333000 0.380000 0.194000 0.306667
0 0.295000 0.185333 0.050000 0.066667
0 0.216000 0.184000 0.084000 0.122667
0 0.149000 0.192000 0.010000 0.010667
1 0.916000 0.386667 0.168000 0.373333
1 0.759000 0.333333 0.126000 0.266667
1 0.620000 0.369333 0.180000 0.381333
1 0.535000 0.368000 0.066000 0.213333
1 0.393000 0.764000 0.266000 0.472000
1 0.244000 0.378667 0.100000 0.272000
1 0.471000 0.334667 0.094000 0.258667
1 0.149000 0.212000 0.018000 0.024000
2 0.883000 0.533333 0.234000 0.928000
2 0.755000 0.457333 0.130000 0.696000
2 0.619000 0.509333 0.186000 0.848000
2 0.535000 0.373333 0.082000 0.458667
2 0.459000 0.329333 0.122000 0.376000
2 0.394000 0.610667 0.380000 0.778667
2 0.235000 0.502667 0.122000 0.760000
2 0.149000 0.220000 0.026000 0.077333
