0 0.838000 0.125749 0.076000 0.143713
0 0.676000 0.146707 0.072000 0.143713
0 0.550000 0.179641 0.060000 0.149701
0 0.466000 0.187126 0.084000 0.122754
0 0.294000 0.134731 0.080000 0.161677
1 0.852000 0.308383 0.156000 0.251497
1 0.686000 0.390719 0.156000 0.332335
1 0.566000 0.399701 0.132000 0.302395
1 0.452000 0.359281 0.108000 0.215569
1 0.265000 0.339820 0.174000 0.326347
2 0.844000 0.520958 0.212000 0.928144
2 0.688000 0.507485 0.156000 0.871257
2 0.549000 0.541916 0.190000 0.880240
2 0.448000 0.529940 0.132000 0.808383
2 0.265000 0.507485 0.174000 0.913174
