0 0.869739 0.540541 0.192385 0.756757
0 0.784569 0.496997 0.086172 0.567568
0 0.708417 0.375375 0.090180 0.318318
0 0.691383 0.615616 0.096192 0.342342
0 0.559118 0.641141 0.188377 0.381381
0 0.432866 0.660661 0.160321 0.432432
0 0.319639 0.639640 0.130261 0.366366
0 0.242485 0.525526 0.088176 0.204204
0 0.168337 0.677177 0.192385 0.441441
0 0.652305 0.306306 0.046092 0.228228
0 0.614228 0.364865 0.062124 0.135135
0 0.562124 0.367868 0.046092 0.129129
0 0.580160 0.255255 0.086172 0.150150
0 0.506012 0.288288 0.078156 0.174174
0 0.489980 0.370871 0.050100 0.135135
0 0.423848 0.312312 0.082164 0.210210
0 0.323647 0.306306 0.054108 0.216216
0 0.260521 0.318318 0.084168 0.264264
0 0.201403 0.328829 0.098196 0.267267
0 0.108216 0.512012 0.152305 0.681682
