0 0.911000 0.415335 0.046000 0.089457
0 0.824000 0.434505 0.040000 0.083067
0 0.734000 0.423323 0.036000 0.079872
0 0.661000 0.453674 0.038000 0.076677
0 0.573000 0.413738 0.042000 0.079872
0 0.488000 0.410543 0.040000 0.079872
0 0.386000 0.391374 0.044000 0.086262
0 0.272000 0.362620 0.044000 0.086262
0 0.183000 0.428115 0.050000 0.095847
0 0.067000 0.450479 0.042000 0.089457
1 0.919000 0.568690 0.102000 0.242812
1 0.824000 0.567093 0.092000 0.182109
1 0.740000 0.549521 0.080000 0.166134
1 0.659000 0.581470 0.086000 0.185304
1 0.578000 0.549521 0.092000 0.191693
1 0.490000 0.538339 0.108000 0.175719
1 0.383000 0.549521 0.106000 0.230032
1 0.271000 0.495208 0.118000 0.185304
1 0.176000 0.611821 0.132000 0.284345
1 0.057000 0.578275 0.102000 0.191693
2 0.919000 0.640575 0.106000 0.533546
2 0.823000 0.650160 0.098000 0.507987
2 0.739000 0.643770 0.086000 0.514377
2 0.657000 0.662939 0.094000 0.488818
2 0.580000 0.640575 0.092000 0.527157
2 0.489000 0.638978 0.110000 0.536741
2 0.383000 0.630990 0.110000 0.559105
2 0.272000 0.621406 0.124000 0.597444
2 0.175000 0.659744 0.134000 0.559105
2 0.059000 0.680511 0.106000 0.549521
