0 0.644000 0.237237 0.052000 0.102102
0 0.579000 0.220721 0.054000 0.099099
0 0.538000 0.313814 0.048000 0.099099
0 0.464000 0.304805 0.048000 0.093093
0 0.385000 0.217718 0.058000 0.105105
1 0.667000 0.402402 0.106000 0.228228
1 0.599000 0.321321 0.078000 0.144144
1 0.542000 0.459459 0.096000 0.216216
1 0.457000 0.442943 0.090000 0.189189
1 0.348000 0.390390 0.124000 0.240240
2 0.680000 0.533033 0.164000 0.693694
2 0.605000 0.477477 0.110000 0.612613
2 0.570000 0.558559 0.156000 0.582583
2 0.458000 0.585586 0.108000 0.660661
2 0.345000 0.582583 0.142000 0.834835
