0 0.832000 0.150142 0.076000 0.141643
0 0.660000 0.087819 0.080000 0.135977
0 0.513000 0.103399 0.078000 0.121813
0 0.344000 0.128895 0.080000 0.138810
0 0.726000 0.368272 0.084000 0.152975
0 0.593000 0.388102 0.070000 0.124646
0 0.460000 0.433428 0.064000 0.130312
0 0.338000 0.413598 0.064000 0.130312
0 0.198000 0.406516 0.092000 0.138810
0 0.399000 0.830028 0.098000 0.152975
0 0.179000 0.303116 0.054000 0.079320
0 0.131000 0.307365 0.038000 0.070822
1 0.864000 0.379603 0.216000 0.305949
1 0.686000 0.311615 0.184000 0.334278
1 0.523000 0.304533 0.190000 0.280453
1 0.351000 0.364023 0.210000 0.314448
1 0.740000 0.586402 0.152000 0.300283
1 0.604000 0.621813 0.144000 0.325779
1 0.479000 0.618980 0.134000 0.252125
1 0.349000 0.609065 0.146000 0.266289
1 0.209000 0.652975 0.182000 0.314448
1 0.522000 0.907932 0.260000 0.184136
2 0.865000 0.494334 0.218000 0.824363
2 0.688000 0.249292 0.188000 0.453258
2 0.525000 0.245042 0.190000 0.399433
2 0.353000 0.288952 0.210000 0.470255
2 0.745000 0.577904 0.178000 0.572238
2 0.605000 0.558074 0.142000 0.458924
2 0.481000 0.594901 0.134000 0.453258
2 0.348000 0.618980 0.144000 0.541076
2 0.212000 0.671388 0.188000 0.657224
2 0.577000 0.878187 0.570000 0.243626
