0 0.655311 0.345345 0.044088 0.084084
0 0.523046 0.345345 0.048096 0.108108
0 0.406814 0.340841 0.048096 0.087087
0 0.303607 0.382883 0.058116 0.105105
0 0.197395 0.352853 0.038076 0.075075
0 0.634269 0.644144 0.050100 0.105105
0 0.604208 0.704204 0.086172 0.105105
0 0.308617 0.717718 0.040080 0.078078
0 0.185371 0.788288 0.042084 0.075075
1 0.666333 0.480480 0.126253 0.180180
1 0.535070 0.496997 0.136273 0.201201
1 0.415832 0.495495 0.114228 0.204204
1 0.300601 0.518018 0.124248 0.195195
1 0.195391 0.501502 0.114228 0.210210
1 0.651303 0.791291 0.072144 0.201201
1 0.555110 0.864865 0.120240 0.270270
1 0.315631 0.882883 0.118236 0.234234
1 0.181363 0.908408 0.098196 0.177177
2 0.674349 0.566066 0.142285 0.687688
2 0.652305 0.794294 0.098196 0.411411
2 0.565130 0.798799 0.164329 0.402402
2 0.536072 0.605105 0.138277 0.633634
2 0.417836 0.594595 0.118236 0.678679
2 0.306613 0.534535 0.132265 0.408408
2 0.296593 0.777778 0.152305 0.444444
2 0.186373 0.539039 0.120240 0.615616
2 0.185371 0.803303 0.106212 0.393393
