0 0.544922 0.512500 0.014844 0.033333
0 0.516406 0.512500 0.017188 0.036111
0 0.442969 0.534028 0.014063 0.034722
0 0.266406 0.517361 0.021875 0.043056
0 0.234375 0.538194 0.021875 0.045833
0 0.216797 0.534028 0.016406 0.043056
3 0.542188 0.572222 0.032813 0.083333
3 0.508203 0.568750 0.028906 0.081944
1 0.444141 0.579861 0.025781 0.059722
1 0.273438 0.593056 0.040625 0.138889
1 0.230078 0.618056 0.039844 0.113889
1 0.208203 0.593750 0.028906 0.070833
2 0.546484 0.612500 0.038281 0.230556
2 0.510156 0.611111 0.042188 0.230556
2 0.448828 0.622222 0.038281 0.211111
2 0.274609 0.638889 0.044531 0.288889
2 0.231641 0.654861 0.042969 0.279167
2 0.223047 0.646528 0.057031 0.265278
