4 0.647295 0.474474 0.048096 0.084084
4 0.428858 0.345345 0.044088 0.078078
4 0.379760 0.309309 0.046092 0.084084
4 0.335671 0.352853 0.046092 0.069069
4 0.268537 0.330330 0.052104 0.090090
1 0.445892 0.442943 0.046092 0.117117
1 0.651303 0.561562 0.092184 0.108108
3 0.384770 0.414414 0.068136 0.150150
3 0.327655 0.466967 0.102204 0.177177
3 0.241483 0.445946 0.066132 0.183183
2 0.597194 0.548048 0.204409 0.231231
2 0.441884 0.462462 0.082164 0.324324
2 0.385772 0.447447 0.070140 0.360360
2 0.331663 0.555556 0.126253 0.474474
2 0.252505 0.548048 0.088176 0.519520
