0 0.651953 0.143056 0.055469 0.116667
0 0.494141 0.157639 0.049219 0.109722
0 0.373437 0.111806 0.053125 0.123611
0 0.977344 0.309722 0.045312 0.113889
0 0.208594 0.347917 0.046875 0.098611
3 0.671094 0.318750 0.095312 0.262500
3 0.361719 0.302778 0.090625 0.272222
1 0.500000 0.339583 0.129688 0.265278
1 0.235937 0.476389 0.090625 0.222222
2 0.656641 0.456944 0.124219 0.744444
2 0.500781 0.463194 0.129688 0.720833
2 0.370703 0.450000 0.110156 0.800000
2 0.197656 0.526389 0.168750 0.455556
2 0.961328 0.540972 0.077344 0.579167
