1 0.903000 0.427928 0.054000 0.069069
1 0.817000 0.433934 0.054000 0.063063
1 0.702000 0.433934 0.148000 0.207207
1 0.543000 0.411411 0.086000 0.144144
1 0.423000 0.399399 0.110000 0.180180
1 0.310000 0.444444 0.076000 0.114114
1 0.175000 0.384384 0.094000 0.162162
1 0.495000 0.447447 0.058000 0.084084
2 0.912000 0.540541 0.092000 0.162162
2 0.829000 0.539039 0.054000 0.147147
2 0.728000 0.809309 0.184000 0.381381
2 0.582000 0.633634 0.084000 0.330330
2 0.476000 0.680180 0.152000 0.429429
2 0.328000 0.650150 0.112000 0.279279
2 0.195000 0.657658 0.198000 0.396396
0 0.921000 0.626126 0.114000 0.459459
0 0.823000 0.516517 0.070000 0.228228
0 0.725000 0.663664 0.190000 0.672673
0 0.567000 0.669670 0.134000 0.660661
0 0.460000 0.654655 0.184000 0.684685
0 0.327000 0.693694 0.110000 0.612613
0 0.165000 0.651652 0.258000 0.696697
