1 0.707415 0.266760 0.076152 0.114525
1 0.737475 0.300279 0.048096 0.092179
1 0.561122 0.250000 0.064128 0.103352
1 0.419840 0.241620 0.074148 0.120112
1 0.095190 0.206704 0.086172 0.128492
2 0.647295 0.391061 0.076152 0.217877
2 0.555110 0.393855 0.104208 0.189944
2 0.373747 0.382682 0.122244 0.240223
2 0.063126 0.393855 0.122244 0.279330
0 0.807615 0.506983 0.100200 0.460894
0 0.734469 0.512570 0.074148 0.500000
0 0.679359 0.502793 0.136273 0.581006
0 0.552104 0.472067 0.126253 0.547486
0 0.385772 0.483240 0.146293 0.603352
0 0.072144 0.491620 0.140281 0.698324
