1 0.671759 0.442361 0.091667 0.075000
1 0.551852 0.471875 0.075926 0.065972
1 0.425000 0.435069 0.074074 0.053472
1 0.321296 0.408681 0.101852 0.086806
1 0.251852 0.429514 0.055556 0.067361
1 0.208333 0.431597 0.048148 0.053472
1 0.159259 0.424653 0.085185 0.061806
1 0.037963 0.413542 0.074074 0.061806
2 0.672222 0.538542 0.105556 0.125694
2 0.555556 0.549306 0.101852 0.106944
2 0.437037 0.517708 0.087037 0.102083
2 0.331019 0.521528 0.125000 0.130556
2 0.266204 0.529167 0.060185 0.115278
2 0.166667 0.510764 0.088889 0.113194
2 0.065278 0.486111 0.104630 0.088889
0 0.691204 0.624653 0.167593 0.439583
0 0.560185 0.617361 0.148148 0.358333
0 0.427315 0.577083 0.106481 0.340278
0 0.338426 0.613194 0.145370 0.498611
0 0.268981 0.587847 0.093519 0.389583
0 0.173611 0.580208 0.123148 0.378472
0 0.065741 0.550000 0.129630 0.334722
