4 0.919346 0.176680 0.087830 0.170061
4 0.824627 0.236762 0.090126 0.186354
4 0.813720 0.146640 0.074053 0.079430
4 0.694891 0.222505 0.078645 0.165988
4 0.654707 0.248473 0.030425 0.140530
4 0.593858 0.268839 0.063720 0.152749
4 0.476464 0.234725 0.058553 0.129328
4 0.214696 0.149185 0.111366 0.229124
1 0.932549 0.440937 0.129162 0.350305
3 0.834386 0.522912 0.133754 0.398167
3 0.698335 0.469450 0.105052 0.329939
3 0.595580 0.483707 0.113088 0.295316
3 0.481630 0.424134 0.091848 0.253564
3 0.204363 0.514257 0.207807 0.562118
2 0.930827 0.542770 0.130310 0.914460
2 0.849885 0.571283 0.165901 0.857434
2 0.702641 0.569246 0.134328 0.861507
2 0.592710 0.592668 0.123421 0.804481
2 0.479621 0.540733 0.113088 0.745418
2 0.220436 0.519348 0.243398 0.961303
