1 0.719097 0.435185 0.036806 0.048148
2 0.730208 0.517130 0.065972 0.128704
1 0.551736 0.484722 0.032639 0.045370
2 0.575347 0.539352 0.045139 0.095370
1 0.388889 0.508796 0.020833 0.026852
2 0.395486 0.549074 0.032639 0.064815
2 0.514583 0.585185 0.040278 0.068519
1 0.368750 0.637963 0.022222 0.033333
2 0.356250 0.694444 0.041667 0.085185
0 0.357639 0.729167 0.062500 0.215741
0 0.393403 0.581944 0.047917 0.173148
0 0.522917 0.599537 0.056944 0.106481
0 0.566319 0.568981 0.063194 0.213889
0 0.726042 0.568056 0.075694 0.315741
1 0.107986 0.618981 0.007639 0.010185
1 0.097569 0.618981 0.007639 0.012037
0 0.093056 0.643519 0.016667 0.061111
0 0.105208 0.643519 0.018750 0.061111
1 0.747222 0.225000 0.012500 0.022222
2 0.744792 0.257870 0.011806 0.045370
0 0.764931 0.247222 0.053472 0.068519
