1 0.945000 0.132417 0.056667 0.120116
1 0.778750 0.136035 0.059167 0.141823
1 0.682083 0.168596 0.047500 0.102750
1 0.551667 0.143271 0.053333 0.136035
1 0.492917 0.162808 0.064167 0.154848
1 0.355833 0.194645 0.065000 0.137482
1 0.265000 0.143271 0.048333 0.118669
1 0.223333 0.164255 0.070000 0.163531
1 0.137917 0.138929 0.067500 0.136035
1 0.045417 0.193198 0.079167 0.157742
2 0.942500 0.278582 0.100000 0.192475
2 0.786250 0.308973 0.105833 0.238784
2 0.673750 0.293054 0.082500 0.172214
2 0.497917 0.346599 0.115833 0.232996
2 0.370000 0.372648 0.110000 0.227207
2 0.297083 0.305355 0.039167 0.205499
2 0.228333 0.340810 0.113333 0.244573
2 0.145417 0.275687 0.059167 0.183792
2 0.057917 0.374096 0.114167 0.244573
2 0.552917 0.312590 0.075833 0.225760
0 0.937500 0.392185 0.125000 0.636758
0 0.779167 0.430535 0.161667 0.730825
0 0.674583 0.387120 0.095833 0.539797
0 0.554167 0.397974 0.081667 0.645441
0 0.498750 0.476122 0.139167 0.778582
0 0.364583 0.476122 0.134167 0.700434
0 0.281250 0.390014 0.080833 0.620839
0 0.215833 0.485528 0.156667 0.803184
0 0.144167 0.399421 0.090000 0.657019
0 0.068750 0.518090 0.135833 0.804631
