4 0.924537 0.350000 0.091667 0.075000
4 0.663889 0.418403 0.150000 0.121528
4 0.473611 0.359375 0.052778 0.047917
4 0.436574 0.406250 0.112037 0.105556
4 0.306481 0.368750 0.059259 0.068056
4 0.266204 0.392014 0.110185 0.095139
4 0.210648 0.375694 0.056481 0.069444
4 0.144907 0.423958 0.097222 0.086806
3 0.925000 0.464236 0.137037 0.157639
3 0.652315 0.622917 0.236111 0.286111
3 0.427778 0.552778 0.172222 0.212500
3 0.245833 0.523958 0.150926 0.196528
3 0.130093 0.523264 0.093519 0.125694
2 0.912500 0.521528 0.175000 0.422222
2 0.674074 0.679861 0.279630 0.640278
2 0.444444 0.626042 0.216667 0.546528
2 0.263426 0.596181 0.180556 0.514583
2 0.138889 0.535764 0.114815 0.314583
