1 0.752083 0.272778 0.057500 0.090000
1 0.620833 0.275556 0.046667 0.088889
1 0.520417 0.300000 0.037500 0.068889
1 0.461250 0.269444 0.040833 0.058889
1 0.252917 0.244444 0.070833 0.108889
2 0.748333 0.401667 0.080000 0.170000
2 0.622083 0.387222 0.082500 0.150000
2 0.522917 0.390556 0.070833 0.130000
2 0.467083 0.364444 0.052500 0.133333
2 0.254583 0.415000 0.115833 0.250000
0 0.749583 0.476667 0.117500 0.493333
0 0.620417 0.452778 0.104167 0.443333
0 0.521250 0.444444 0.075833 0.357778
0 0.465000 0.422778 0.068333 0.365556
0 0.270417 0.508333 0.154167 0.632222
