1 0.971875 0.474583 0.036250 0.047500
1 0.900000 0.482083 0.035000 0.062500
1 0.920937 0.480833 0.019375 0.053333
1 0.936875 0.491250 0.021250 0.040833
1 0.857500 0.467917 0.022500 0.055833
1 0.834375 0.465417 0.037500 0.060833
1 0.794375 0.471667 0.028750 0.055000
1 0.652813 0.460833 0.038125 0.060000
1 0.602500 0.446250 0.032500 0.057500
1 0.563750 0.475000 0.035000 0.060000
1 0.525625 0.464583 0.031250 0.050833
1 0.496563 0.445417 0.033125 0.069167
1 0.472813 0.456667 0.024375 0.050000
1 0.451875 0.452083 0.027500 0.054167
1 0.424063 0.461250 0.031875 0.062500
1 0.404375 0.442083 0.026250 0.055833
1 0.375625 0.432500 0.031250 0.063333
1 0.340625 0.430833 0.036250 0.068333
1 0.297187 0.419167 0.033125 0.068333
1 0.266875 0.440000 0.037500 0.063333
1 0.238125 0.427500 0.026250 0.050000
1 0.209687 0.430417 0.034375 0.060833
1 0.184062 0.441250 0.039375 0.062500
1 0.143750 0.415000 0.023750 0.058333
1 0.127500 0.411667 0.021250 0.058333
1 0.105313 0.410417 0.039375 0.065833
1 0.068125 0.411250 0.042500 0.057500
1 0.009375 0.401667 0.017500 0.065000
2 0.965938 0.561250 0.063125 0.117500
2 0.896250 0.561250 0.068750 0.119167
2 0.625313 0.510417 0.020625 0.054167
2 0.562500 0.562083 0.063750 0.122500
2 0.490625 0.535000 0.065000 0.123333
2 0.421250 0.548333 0.065000 0.130000
2 0.340938 0.523750 0.071875 0.132500
2 0.261875 0.535833 0.072500 0.136667
2 0.178750 0.535833 0.073750 0.131667
2 0.099687 0.504167 0.081875 0.133333
2 0.020000 0.502083 0.038750 0.129167
0 0.965313 0.603333 0.066875 0.320000
0 0.895625 0.613750 0.083750 0.325833
0 0.828438 0.603333 0.071875 0.338333
0 0.562813 0.605417 0.073125 0.320833
0 0.490000 0.587083 0.078750 0.352500
0 0.417812 0.596667 0.076875 0.340000
0 0.335938 0.581667 0.091875 0.373333
0 0.256875 0.587083 0.095000 0.357500
0 0.165000 0.583333 0.122500 0.345000
0 0.090313 0.565417 0.115625 0.374167
0 0.715000 0.671667 0.242500 0.655000
