4 0.949167 0.398125 0.056667 0.050000
4 0.893333 0.415000 0.045000 0.040000
4 0.636667 0.417500 0.050000 0.050000
4 0.602083 0.417812 0.025833 0.033125
4 0.436250 0.405313 0.067500 0.063125
4 0.142500 0.402500 0.261667 0.223750
0 0.864583 0.420938 0.032500 0.030625
0 0.037083 0.433437 0.032500 0.031875
3 0.946667 0.468438 0.090000 0.091875
3 0.881667 0.473750 0.053333 0.087500
3 0.639583 0.496250 0.082500 0.106250
3 0.434583 0.505000 0.124167 0.132500
3 0.173750 0.765312 0.345833 0.469375
1 0.031667 0.479375 0.061667 0.075000
1 0.400417 0.439063 0.024167 0.018125
1 0.597917 0.455625 0.054167 0.046250
3 0.710000 0.446562 0.028333 0.033125
2 0.945417 0.509062 0.090833 0.274375
2 0.887500 0.505313 0.071667 0.223125
2 0.639583 0.531250 0.104167 0.276250
2 0.592917 0.486563 0.049167 0.168125
2 0.455833 0.572187 0.166667 0.398125
2 0.174167 0.645625 0.346667 0.708750
2 0.031250 0.488125 0.060833 0.133750
2 0.710833 0.457188 0.036667 0.088125
