1 0.771667 0.329444 0.135000 0.203333
1 0.649167 0.358889 0.051667 0.084444
1 0.514167 0.390556 0.056667 0.087778
1 0.409167 0.364444 0.063333 0.100000
1 0.240417 0.380556 0.082500 0.125556
2 0.781250 0.673889 0.222500 0.485556
2 0.638750 0.483333 0.087500 0.166667
2 0.510417 0.533889 0.089167 0.194444
2 0.400417 0.512778 0.109167 0.216667
2 0.235833 0.557778 0.121667 0.262222
0 0.779583 0.612778 0.292500 0.774444
0 0.632500 0.565556 0.106667 0.491111
0 0.507083 0.597778 0.107500 0.513333
0 0.388333 0.611667 0.138333 0.594444
0 0.243750 0.658333 0.177500 0.683333
