1 0.736000 0.408526 0.042667 0.060391
1 0.682000 0.413854 0.030667 0.056838
1 0.660667 0.433393 0.036000 0.056838
1 0.604000 0.422735 0.034667 0.053286
1 0.582667 0.415631 0.026667 0.053286
1 0.537333 0.395204 0.029333 0.030195
1 0.533333 0.428064 0.029333 0.049734
1 0.494667 0.417407 0.032000 0.049734
1 0.452000 0.399645 0.029333 0.028419
1 0.450667 0.436057 0.029333 0.051510
1 0.382000 0.407638 0.028000 0.047957
1 0.342667 0.412078 0.032000 0.046181
1 0.235333 0.399645 0.049333 0.067496
2 0.732667 0.492895 0.068000 0.115453
2 0.688667 0.491119 0.033333 0.108348
2 0.659333 0.509769 0.070667 0.103020
2 0.596667 0.501776 0.060000 0.104796
2 0.534667 0.498224 0.056000 0.097691
2 0.490000 0.485790 0.046667 0.101243
2 0.446000 0.497336 0.046667 0.088810
2 0.382000 0.471581 0.046667 0.094139
2 0.338000 0.471581 0.052000 0.090586
2 0.230000 0.500888 0.070667 0.149201
0 0.733333 0.547957 0.077333 0.342806
0 0.658667 0.548845 0.066667 0.287744
0 0.596667 0.536412 0.065333 0.284192
0 0.536667 0.531972 0.070667 0.261101
0 0.487333 0.519538 0.046667 0.253996
0 0.446000 0.523091 0.046667 0.225577
0 0.392667 0.504440 0.065333 0.241563
0 0.334000 0.500888 0.060000 0.227353
0 0.237333 0.563055 0.088000 0.394316
