1 0.382068 0.261905 0.009177 0.017857
1 0.439236 0.285384 0.007440 0.014550
2 0.381572 0.284722 0.015129 0.031085
2 0.399058 0.279431 0.013393 0.033069
2 0.437996 0.298942 0.013889 0.019180
0 0.381572 0.299769 0.021081 0.092923
0 0.400050 0.291171 0.016369 0.075728
0 0.437624 0.296462 0.014633 0.036706
1 0.306424 0.312665 0.038442 0.065146
2 0.293775 0.398313 0.060764 0.145172
0 0.295263 0.433201 0.076637 0.307540
1 0.599950 0.431217 0.043155 0.056217
2 0.627480 0.474537 0.048611 0.091931
1 0.660962 0.471726 0.050595 0.074405
2 0.705481 0.557374 0.075645 0.155093
1 0.603547 0.563823 0.038442 0.058201
2 0.539311 0.569940 0.092510 0.100860
0 0.689608 0.546296 0.107887 0.227513
0 0.558532 0.569940 0.129960 0.101521
0 0.615947 0.484127 0.075645 0.161376
0 0.818204 0.361442 0.013889 0.059524
