1 0.859500 0.237333 0.059000 0.088000
1 0.767000 0.202000 0.050000 0.092000
1 0.657000 0.209333 0.054000 0.098667
1 0.533500 0.162000 0.053000 0.097333
1 0.414500 0.175333 0.053000 0.116000
1 0.331500 0.180667 0.053000 0.102667
1 0.220500 0.183333 0.057000 0.097333
1 0.068000 0.190667 0.068000 0.101333
2 0.851000 0.356667 0.084000 0.153333
2 0.758000 0.318667 0.098000 0.168000
2 0.642000 0.326667 0.088000 0.162667
2 0.530500 0.292000 0.085000 0.165333
2 0.421000 0.300000 0.092000 0.160000
2 0.331500 0.296667 0.081000 0.153333
2 0.225000 0.330667 0.102000 0.189333
2 0.075500 0.313333 0.107000 0.170667
0 0.845000 0.402000 0.120000 0.417333
0 0.752500 0.385333 0.113000 0.458667
0 0.649000 0.395333 0.120000 0.465333
0 0.525000 0.365333 0.130000 0.506667
0 0.419500 0.370000 0.135000 0.510667
0 0.328000 0.364000 0.098000 0.474667
0 0.232000 0.384667 0.132000 0.497333
0 0.078000 0.388000 0.152000 0.496000
