4 0.591250 0.331667 0.110833 0.178889
4 0.294583 0.436667 0.134167 0.200000
3 0.655833 0.497778 0.165000 0.268889
3 0.390417 0.453889 0.095833 0.154444
3 0.212917 0.693889 0.182500 0.416667
3 0.061250 0.484444 0.120833 0.513333
0 0.499167 0.043333 0.061667 0.084444
0 0.595833 0.065556 0.071667 0.128889
0 0.302917 0.100000 0.042500 0.062222
0 0.158333 0.082222 0.105000 0.162222
0 0.285417 0.285556 0.047500 0.073333
0 0.050000 0.096667 0.098333 0.188889
1 0.600417 0.223333 0.144167 0.242222
1 0.526667 0.165556 0.065000 0.191111
1 0.338750 0.185556 0.042500 0.140000
1 0.161667 0.314444 0.170000 0.357778
3 0.050417 0.199444 0.057500 0.105556
2 0.635000 0.561111 0.213333 0.637778
2 0.612917 0.243889 0.229167 0.483333
2 0.512917 0.256667 0.090833 0.511111
2 0.288333 0.668333 0.308333 0.663333
2 0.159167 0.283333 0.176667 0.560000
2 0.335000 0.226111 0.108333 0.318889
2 0.085417 0.501111 0.169167 0.997778
4 0.070833 0.276111 0.036667 0.065556
3 0.062083 0.330556 0.064167 0.103333
2 0.072500 0.345556 0.091667 0.204444
