1 0.941319 0.312037 0.031250 0.053704
1 0.869444 0.291667 0.040278 0.062963
1 0.821528 0.309259 0.045833 0.053704
1 0.782292 0.304630 0.042361 0.068519
1 0.746181 0.305556 0.040972 0.070370
1 0.710764 0.299537 0.038194 0.067593
1 0.677431 0.287963 0.049306 0.087037
1 0.613194 0.320370 0.055556 0.085185
1 0.577431 0.303241 0.018750 0.050926
1 0.537500 0.310185 0.027778 0.046296
1 0.492361 0.307407 0.061111 0.101852
1 0.451042 0.275463 0.043750 0.080556
1 0.422222 0.304167 0.031944 0.062037
1 0.365972 0.317130 0.052778 0.080556
1 0.279861 0.303704 0.047222 0.077778
1 0.096528 0.300463 0.068056 0.097222
2 0.943750 0.387037 0.061111 0.101852
2 0.870486 0.366667 0.070139 0.114815
2 0.838542 0.390741 0.032639 0.112963
2 0.803819 0.391667 0.040972 0.131481
2 0.770139 0.406481 0.034722 0.144444
2 0.727083 0.403704 0.038889 0.150000
2 0.685764 0.399074 0.082639 0.159259
2 0.609722 0.443981 0.086111 0.180556
2 0.504167 0.452315 0.093056 0.200926
2 0.446181 0.390741 0.053472 0.153704
2 0.363542 0.433333 0.079861 0.166667
2 0.284722 0.409259 0.063889 0.142593
2 0.096528 0.468519 0.098611 0.220370
0 0.937847 0.424537 0.086806 0.282407
0 0.868056 0.427315 0.094444 0.336111
0 0.834375 0.444444 0.071528 0.333333
0 0.798958 0.449074 0.072917 0.364815
0 0.763889 0.458796 0.073611 0.378704
0 0.730208 0.469444 0.071528 0.409259
0 0.685069 0.473148 0.084028 0.457407
0 0.615972 0.506944 0.109722 0.454630
0 0.512847 0.527315 0.114583 0.541667
0 0.443750 0.455556 0.065278 0.451852
0 0.367708 0.489352 0.088194 0.425000
0 0.288542 0.463889 0.082639 0.394444
0 0.102778 0.541204 0.123611 0.584259
